100
51 77 44 10 79 34 88 68 72 74 15 55 91 37 71 101 105 52 37 46 101 14 12 63 102 92 31 26 28 105 57 36 81 48 79 22 77 109 45 104 13 21 32 43 83 74 51 21 63 78 57 54 72 67 47 69 33 51 39 88 26 45 100 52 98 16 50 52 74 58 56 15 100 39 80 60 16 11 103 58 39 33 94 64 66 50 76 86 41 18 54 49 36 33 47 48 28 92 39 51 
43 25 49 68 14 40 87 16 83 96 31 55 34 82 80 39 87 83 107 22 96 100 71 46 65 77 65 84 41 62 60 60 51 34 76 40 17 101 17 47 67 97 63 93 55 19 19 68 31 98 32 56 16 40 23 78 10 101 72 65 20 69 34 47 58 93 105 51 12 60 101 46 84 30 106 31 58 109 78 94 91 44 63 109 28 48 10 98 37 77 38 103 58 93 17 31 20 27 23 24 
19 26 45 61 10 59 29 66 108 13 34 18 54 19 99 12 105 95 103 53 33 97 24 13 58 10 68 28 90 106 108 91 99 108 19 67 82 32 48 102 48 89 100 67 68 101 25 98 66 21 12 44 82 65 38 56 72 96 85 43 79 52 54 26 91 108 32 61 31 109 67 86 102 99 85 22 10 20 13 79 71 98 11 99 65 33 12 95 92 95 98 36 27 67 42 42 79 64 31 99 
86 39 78 102 35 65 44 59 51 22 55 70 28 63 49 33 89 106 97 39 59 47 76 59 103 105 107 26 96 15 98 92 65 44 24 11 26 81 96 73 23 65 95 63 22 18 42 55 23 66 31 68 56 92 91 54 106 32 39 71 45 60 83 76 54 69 102 49 63 34 64 20 55 59 96 23 84 32 78 28 97 15 68 101 12 35 87 24 24 34 44 84 82 69 43 80 97 107 28 87 
83 80 73 78 102 95 12 90 23 37 12 109 37 35 53 34 33 82 71 91 13 42 15 103 35 41 102 52 32 96 74 10 97 70 23 84 80 80 45 43 21 70 106 77 95 60 50 104 105 34 29 35 86 104 68 12 81 76 88 103 61 94 28 74 29 62 10 97 70 36 20 67 80 25 86 37 53 68 74 19 92 96 75 97 87 84 35 37 39 38 33 30 12 72 33 106 47 71 105 35 
74 70 12 26 40 36 21 81 21 57 63 30 100 34 98 73 50 61 72 39 10 23 68 88 75 17 87 10 68 49 13 70 67 34 87 18 23 97 11 60 70 38 103 94 15 50 21 14 45 66 82 60 33 95 66 26 36 67 36 67 47 81 79 71 106 32 27 22 27 106 95 51 33 39 39 75 69 42 106 65 63 72 94 44 64 82 67 79 42 73 17 93 21 45 77 58 85 48 33 52 
64 21 51 85 69 35 31 80 36 44 15 93 60 108 89 11 103 44 47 44 66 103 86 15 72 58 91 10 23 51 65 65 52 72 21 87 34 88 62 53 106 83 50 23 85 82 28 20 27 42 22 105 79 41 50 98 95 100 107 99 100 55 63 24 61 50 54 68 45 69 102 15 74 91 13 39 85 18 102 107 59 66 71 37 77 51 39 50 23 84 11 87 25 93 23 102 34 11 102 69 
80 38 37 94 85 96 108 80 97 57 14 13 31 73 16 73 20 81 99 50 74 52 29 23 101 14 28 42 60 15 85 49 13 32 108 57 94 58 81 74 23 85 55 22 56 88 79 72 29 95 99 54 75 50 55 18 28 80 11 33 42 82 62 97 80 73 11 13 33 37 10 79 25 75 38 53 57 98 53 47 19 73 59 91 98 52 18 70 31 68 64 98 56 100 59 53 40 30 58 77 
46 93 45 36 95 48 63 39 34 58 33 69 67 76 54 65 28 36 21 35 65 11 59 106 94 25 74 52 85 23 52 106 58 82 36 16 83 39 14 15 36 22 85 103 75 46 46 51 24 104 66 62 46 48 92 65 25 41 40 51 35 21 47 96 100 60 72 44 103 63 26 62 18 72 43 64 13 44 13 66 58 34 27 23 19 38 10 90 28 68 60 65 71 74 13 86 53 19 12 71 
99 58 92 63 84 30 12 33 41 79 88 69 18 29 81 13 55 91 14 102 95 23 108 99 32 48 47 20 71 44 18 71 69 103 25 79 47 79 68 10 81 74 27 25 65 25 40 49 22 98 92 64 95 20 94 84 90 25 61 51 25 89 20 108 83 98 87 42 66 99 23 18 51 100 33 73 38 94 88 10 81 95 84 81 43 77 63 105 78 35 86 39 60 108 19 103 96 90 26 59 
77 38 89 74 31 15 36 26 26 36 76 97 91 74 50 96 31 72 31 74 19 25 12 83 34 51 55 72 33 41 16 78 28 12 17 17 91 22 46 40 24 19 94 66 100 103 106 62 64 55 18 58 101 22 41 24 49 68 32 14 105 62 79 89 48 33 28 76 69 108 96 106 72 43 68 32 56 102 47 35 57 68 12 17 108 40 102 10 88 109 62 58 92 50 25 85 72 77 46 107 
28 107 38 61 26 40 59 35 68 39 30 50 70 57 72 65 85 102 71 64 108 56 24 56 98 79 48 73 85 25 31 85 25 38 44 80 15 74 67 72 71 34 59 79 40 33 60 43 35 20 47 46 47 88 103 46 24 74 101 59 45 15 47 14 47 33 74 80 18 78 91 95 62 83 62 104 86 36 106 82 59 50 84 29 53 21 51 99 29 75 15 95 26 60 25 19 74 76 103 84 
19 10 105 83 99 71 82 78 68 41 78 36 20 32 84 89 20 62 92 101 105 74 84 74 12 65 70 84 82 31 32 57 87 99 15 105 104 60 53 64 91 22 82 49 38 22 72 77 18 25 18 33 69 44 14 96 29 68 55 16 76 10 77 102 97 42 66 84 57 31 93 32 41 86 93 58 33 92 28 86 30 21 92 66 100 35 34 96 87 79 53 44 87 78 78 101 106 93 38 37 
36 81 107 22 13 37 18 55 18 95 48 47 53 23 11 60 38 21 60 59 102 64 79 91 75 77 23 103 44 82 82 40 11 52 87 87 80 12 74 91 100 33 47 33 89 105 79 37 52 20 92 68 36 97 80 38 61 68 23 70 93 96 52 20 82 38 44 51 28 13 77 75 48 91 67 60 24 108 68 71 73 66 17 88 99 45 75 85 96 96 43 70 40 58 38 102 43 50 76 45 
20 109 47 102 92 38 62 79 54 104 18 62 57 42 45 18 74 107 53 59 25 51 99 10 22 58 33 61 84 43 101 10 64 100 107 29 90 88 41 54 50 97 109 35 93 48 102 103 62 21 70 44 50 107 95 39 50 15 101 102 20 59 88 89 81 87 83 103 30 107 36 86 100 92 88 69 28 99 69 59 34 82 90 18 77 18 87 13 80 17 106 84 32 21 29 71 66 100 73 93 
26 42 62 51 64 23 72 106 70 25 14 109 46 90 108 42 97 94 50 27 16 80 51 92 59 33 68 15 31 105 106 26 88 88 89 68 87 60 17 39 91 105 88 86 63 109 94 75 103 18 82 53 39 24 78 65 101 83 32 58 61 96 54 56 87 27 39 26 84 101 79 22 56 103 101 25 59 67 50 62 46 61 97 36 72 65 93 104 90 107 75 75 23 71 88 88 88 50 21 57 
55 80 85 99 60 59 43 75 24 92 17 42 106 77 32 92 20 51 41 97 15 89 31 48 61 57 18 56 86 69 99 32 76 96 65 38 24 70 63 87 58 13 71 41 92 65 107 16 62 31 106 91 31 65 57 34 28 45 86 84 69 108 84 63 32 45 53 98 63 42 57 90 36 88 60 11 71 109 65 73 26 83 71 55 83 84 60 63 91 97 109 20 53 75 82 39 91 22 86 91 
57 100 81 15 82 42 99 30 75 41 68 103 16 88 58 16 81 76 106 107 30 104 39 98 19 94 79 88 27 25 36 94 78 16 38 107 28 100 109 95 96 109 30 20 81 23 25 95 28 90 41 77 97 54 96 17 70 37 84 41 62 81 78 103 95 47 21 14 87 16 78 32 23 10 52 47 48 98 65 99 57 91 103 94 97 71 103 27 11 92 57 75 63 14 94 105 35 31 74 91 
82 16 66 53 103 90 90 78 21 23 78 61 26 89 78 50 41 43 89 73 69 63 46 105 75 84 30 45 90 86 65 35 81 18 69 66 12 42 15 50 85 72 95 72 90 46 107 12 18 90 50 86 68 103 50 56 84 83 107 90 45 82 10 17 65 76 51 98 91 78 25 106 35 19 22 46 65 72 53 52 31 32 22 58 28 78 27 24 60 100 45 69 79 105 13 50 89 109 15 101 
71 91 62 63 43 39 97 52 63 93 30 24 28 54 73 39 62 74 79 80 15 57 104 97 36 86 33 50 89 100 98 20 81 55 31 80 93 99 65 88 89 16 72 45 97 106 43 98 45 89 103 100 72 75 11 15 17 77 79 44 81 67 108 55 107 28 48 54 82 73 38 74 11 33 100 14 11 37 107 102 81 73 11 73 31 75 31 55 20 105 51 32 22 61 25 65 103 48 89 92 
18 64 32 17 55 48 54 100 49 64 14 33 35 88 34 91 40 43 33 104 40 56 97 55 15 26 60 99 48 73 45 107 19 40 34 18 47 84 30 82 103 65 44 71 66 16 94 85 92 29 51 42 94 89 89 93 77 46 35 28 47 38 29 87 47 101 66 105 70 11 103 42 46 90 85 17 94 84 29 100 86 51 61 39 100 84 82 101 99 97 100 49 103 63 73 91 13 15 86 89 
105 49 78 108 93 49 25 31 103 36 32 48 38 91 109 88 101 33 53 44 53 59 12 17 12 51 97 56 101 47 23 10 26 100 72 45 36 20 87 92 70 99 15 84 73 32 105 76 70 48 98 21 55 77 35 77 99 52 73 57 12 27 109 33 36 13 58 61 80 46 68 77 66 15 41 72 29 85 66 41 105 54 101 13 98 25 60 29 82 101 93 43 85 52 79 10 64 88 95 67 
43 103 100 13 60 43 32 81 21 100 48 51 68 57 62 68 89 12 93 100 12 78 32 105 45 18 71 52 104 109 98 88 52 67 51 57 79 55 90 23 74 20 71 95 83 14 72 13 12 79 64 39 62 84 59 40 54 54 59 28 75 73 62 83 80 41 57 21 79 108 108 13 62 89 63 53 32 98 73 44 60 32 50 21 102 61 90 87 26 86 88 30 25 58 108 89 45 67 93 72 
12 72 30 80 32 83 51 96 98 27 27 102 108 77 59 75 99 42 29 91 13 40 38 41 99 62 40 82 74 17 105 38 91 100 20 87 81 46 69 53 50 43 47 103 40 84 103 92 13 71 100 72 17 107 61 33 100 27 50 13 76 93 71 69 55 96 61 75 11 50 19 107 93 60 68 31 85 91 97 81 97 109 14 89 48 10 40 71 28 15 50 38 69 32 108 70 108 45 91 24 
77 103 106 71 56 48 80 48 86 65 27 81 70 62 68 43 65 75 36 11 44 69 103 58 83 102 103 43 47 13 100 21 104 78 37 108 99 58 89 57 59 41 79 85 108 59 46 109 33 53 41 64 71 44 95 77 26 103 14 76 63 18 33 94 102 77 58 79 40 21 24 100 37 53 14 109 84 105 16 68 99 68 19 99 57 50 28 74 85 36 99 13 76 22 50 80 86 105 51 96 
61 19 97 93 95 100 60 96 65 91 38 12 87 72 34 75 82 42 95 38 56 99 88 93 35 75 70 55 88 31 65 30 37 83 44 61 85 46 44 11 47 20 84 100 66 81 90 45 55 92 35 28 83 22 47 108 15 72 27 102 49 57 56 13 41 25 49 68 39 55 104 109 55 82 85 72 82 83 90 48 107 52 18 13 87 35 44 11 88 92 79 46 88 49 48 31 36 73 87 85 
34 91 10 71 72 12 58 105 94 26 47 17 103 94 54 69 31 68 53 78 87 29 67 51 101 74 33 25 82 39 51 25 25 46 67 69 10 62 103 51 39 58 37 108 34 34 84 43 95 48 80 72 39 94 19 88 33 95 10 34 103 15 22 75 77 17 87 94 14 100 44 101 31 95 44 100 52 108 96 28 31 34 107 86 64 79 18 37 103 78 76 12 48 10 29 28 100 94 49 66 
18 42 88 24 97 49 84 30 37 64 98 51 108 52 12 31 14 56 66 19 43 18 71 43 96 14 95 52 52 70 71 30 53 88 97 23 73 101 44 25 66 71 22 21 69 61 48 80 34 17 17 94 61 11 99 68 51 100 23 22 65 70 103 82 12 86 53 83 76 61 85 38 42 71 79 13 39 17 102 61 63 102 80 29 82 17 104 15 50 93 72 19 17 48 70 81 81 64 57 24 
33 39 99 76 97 66 42 80 49 76 32 93 70 63 15 101 69 96 97 39 52 27 55 66 98 62 64 76 43 70 29 41 48 77 86 108 24 30 63 17 79 26 32 52 17 73 70 57 103 40 27 53 86 24 36 27 44 30 81 102 74 64 76 103 74 85 10 22 10 61 86 89 53 87 99 71 95 82 44 54 71 73 14 56 98 18 67 40 33 74 84 56 47 91 28 21 102 101 42 33 
71 101 71 40 108 79 101 10 89 27 27 24 105 51 46 77 38 63 19 83 91 13 79 26 93 77 95 12 40 67 91 77 20 76 97 81 87 55 74 48 81 57 25 102 21 67 15 63 81 90 50 40 85 30 100 87 108 96 14 99 41 54 98 20 28 29 69 37 19 29 89 26 10 106 63 68 40 103 16 59 64 82 70 104 64 43 56 39 81 38 69 51 31 98 76 43 95 80 39 71 
70 18 92 72 16 88 89 107 97 48 79 93 50 105 76 43 19 67 27 44 63 45 68 103 53 103 76 61 50 104 47 84 22 107 61 105 27 102 102 47 40 23 106 20 99 38 19 96 54 50 92 79 30 103 102 72 24 37 17 104 15 23 21 23 103 74 13 105 72 91 56 19 58 78 34 21 64 45 37 43 50 72 37 87 27 50 52 10 10 68 86 64 45 40 41 105 47 33 32 37 
39 21 21 64 90 63 103 31 95 38 53 10 65 81 80 62 85 41 50 44 50 96 44 58 49 75 106 22 72 62 41 97 74 67 58 66 80 60 92 11 103 109 42 54 41 85 14 60 36 76 48 11 33 53 51 90 105 28 69 73 38 39 98 64 23 89 79 76 89 87 47 12 25 102 33 82 58 33 63 58 105 107 18 18 21 103 75 91 12 20 38 66 15 75 33 79 25 63 15 94 
88 55 50 43 95 10 78 104 43 95 58 91 42 66 20 82 92 11 16 45 70 81 37 47 53 78 43 105 81 13 52 21 89 44 22 103 40 71 44 68 36 16 101 53 98 37 29 94 34 103 45 34 104 92 77 37 15 56 96 99 50 47 60 69 88 66 87 13 52 10 21 35 53 105 26 25 14 16 78 51 45 108 35 23 33 22 28 67 106 49 96 104 56 53 32 21 90 65 68 57 
80 100 83 37 23 64 106 82 60 51 51 56 35 23 34 39 105 13 104 103 77 97 50 89 51 35 44 70 10 17 31 102 103 27 27 13 53 103 49 21 35 38 88 58 60 102 54 64 33 63 46 57 56 36 71 14 48 81 96 15 109 66 38 77 61 29 101 76 27 56 103 97 31 22 77 109 54 107 11 38 52 14 78 78 51 106 72 30 54 28 35 29 94 84 94 69 59 24 105 13 
42 61 47 24 73 61 29 100 27 93 28 94 62 96 79 58 47 107 34 78 37 58 103 92 81 79 103 87 24 14 94 53 105 21 103 102 108 100 109 100 103 84 59 84 24 83 79 28 75 43 48 21 62 73 18 59 98 55 41 30 16 81 78 31 68 67 57 92 48 32 33 16 16 99 66 55 61 33 28 60 107 46 101 16 20 23 61 90 54 53 51 55 88 59 15 24 95 37 34 14 
66 27 37 65 12 96 78 108 89 21 99 68 100 85 20 42 99 106 60 22 32 39 82 46 87 63 86 80 95 62 61 107 61 11 45 103 82 26 26 38 21 35 48 106 49 54 66 36 12 68 98 31 96 18 87 38 89 57 59 90 55 38 72 36 29 87 101 57 95 41 16 94 64 79 19 66 31 55 75 26 70 107 45 100 87 59 15 96 98 85 53 87 40 97 65 92 63 10 64 99 
98 25 18 20 50 109 107 17 64 14 47 95 109 102 23 22 92 93 61 39 47 43 10 74 93 67 78 20 78 18 51 42 47 94 109 11 79 93 66 102 50 97 22 20 30 45 73 25 107 87 84 44 63 43 88 96 34 44 85 59 22 94 34 102 14 32 65 23 72 83 94 70 32 63 107 32 60 47 27 16 41 107 15 46 67 109 100 108 95 57 94 102 35 106 65 38 48 52 38 105 
52 47 16 77 63 103 15 56 19 34 64 75 49 16 19 102 109 85 46 71 57 28 23 37 22 106 19 51 40 100 44 25 96 33 76 54 46 47 26 103 59 81 54 87 95 10 100 95 35 28 78 16 39 18 51 35 46 90 26 80 94 57 38 46 14 10 33 74 21 50 60 14 93 76 51 80 55 16 98 66 17 76 67 88 109 84 65 101 100 42 68 106 27 100 77 17 44 56 72 12 
49 36 105 16 24 60 96 89 86 32 89 11 22 86 74 67 80 48 22 54 71 90 10 53 66 71 57 49 18 100 62 89 28 29 17 94 57 87 85 23 19 81 52 49 46 31 11 44 39 68 46 79 107 14 108 12 15 48 42 75 26 91 89 33 37 81 23 92 50 26 98 29 99 23 69 61 81 93 74 48 22 94 69 11 84 43 69 24 59 105 32 51 26 87 62 75 101 48 20 77 
65 97 34 32 49 51 58 14 44 78 51 82 78 84 86 47 43 51 55 28 25 84 62 56 66 34 76 91 54 50 44 106 86 37 15 28 101 51 75 101 81 69 10 27 26 53 34 74 15 67 12 76 85 56 42 99 56 55 13 62 11 36 63 94 59 60 15 56 35 80 46 105 103 33 42 66 106 20 86 102 60 100 105 62 60 25 46 71 70 94 39 44 60 92 16 46 94 100 27 92 
76 26 98 35 11 20 60 92 31 103 48 64 103 105 90 48 77 30 55 93 75 106 43 100 42 99 49 93 27 39 63 89 23 10 62 55 71 61 28 73 23 17 64 86 27 21 39 74 76 41 52 108 32 65 97 67 68 74 72 20 56 75 90 75 56 50 107 52 74 104 94 80 25 10 16 16 12 106 43 21 77 25 55 85 64 58 29 89 98 31 102 107 107 19 62 81 68 32 69 107 
109 109 30 30 46 94 22 25 63 95 51 109 77 18 54 79 91 89 18 17 69 16 59 85 36 34 17 84 94 38 56 55 91 24 59 78 48 17 103 14 15 107 27 65 51 53 43 107 89 46 65 43 64 40 62 14 89 98 80 64 82 86 11 25 96 41 90 85 70 24 48 67 100 48 91 57 52 28 80 41 71 29 91 100 43 82 73 12 12 38 31 108 57 55 16 32 96 104 87 54 
93 57 50 95 74 33 47 63 78 40 65 76 68 22 66 28 11 52 86 16 12 94 33 80 22 60 85 21 60 105 98 30 11 93 108 102 58 94 55 97 72 53 68 69 81 26 82 42 51 93 98 25 86 26 108 49 93 15 107 56 79 85 27 97 30 40 52 45 99 83 90 83 87 96 91 95 32 55 89 95 23 45 45 93 96 106 58 95 62 31 70 92 46 98 29 46 102 75 88 108 
106 96 21 86 57 31 12 55 12 74 49 82 67 80 30 64 69 90 108 101 70 20 101 77 43 85 46 109 85 100 86 66 82 13 96 77 25 52 105 76 66 96 47 108 36 74 95 75 18 50 70 24 64 22 62 48 16 35 40 59 89 89 23 48 27 31 55 101 79 49 18 75 72 83 91 80 57 63 18 18 25 39 76 99 73 81 51 69 41 82 24 76 98 80 78 109 65 60 54 46 
88 16 37 23 33 81 37 83 71 83 44 12 97 27 73 63 36 105 105 23 16 80 69 15 106 43 33 62 89 29 36 103 95 75 81 54 17 81 97 109 29 106 25 62 102 63 67 100 69 67 96 19 75 96 29 69 23 45 38 11 78 79 66 41 88 84 105 53 84 26 34 21 95 32 81 67 105 84 48 93 68 105 32 93 41 13 42 10 100 90 18 15 12 68 28 67 71 30 38 66 
23 42 102 92 77 30 68 84 97 104 93 74 74 24 56 100 35 65 73 77 102 41 29 90 28 38 58 30 89 101 76 97 18 36 35 69 28 30 45 24 66 57 66 44 70 61 18 88 104 99 34 86 104 100 99 82 29 11 12 54 33 49 19 37 47 96 26 37 79 33 109 24 25 54 46 79 88 86 68 62 56 47 25 98 26 98 92 84 43 25 66 66 72 26 34 39 52 94 82 59 
106 36 92 12 85 26 75 62 69 65 27 54 64 53 34 109 32 31 43 23 27 103 83 70 85 84 95 11 32 18 105 36 30 101 98 39 82 87 103 18 64 32 86 47 26 13 100 22 99 63 89 109 32 12 12 79 64 39 44 48 84 36 73 44 82 58 63 13 17 28 43 47 105 89 71 54 69 71 17 86 82 55 102 82 38 106 21 45 45 39 26 42 66 68 59 30 106 34 30 36 
16 93 55 84 101 98 48 74 14 87 63 52 14 33 62 35 21 52 34 59 45 100 56 38 65 14 51 19 91 89 12 93 102 42 22 109 71 57 15 100 79 69 38 49 38 90 81 88 50 66 58 54 55 35 20 108 26 90 25 74 36 82 89 103 92 15 46 43 15 97 42 48 75 74 28 109 42 18 106 48 88 48 55 69 79 54 72 79 59 28 77 68 53 71 13 100 96 36 13 14 
10 78 33 57 106 76 40 75 62 10 27 83 96 78 107 89 34 38 70 68 35 77 22 44 62 79 72 80 21 45 100 21 74 60 70 55 77 64 97 27 75 52 98 83 25 89 47 98 79 96 40 19 50 31 29 91 36 30 21 64 103 94 67 109 46 39 60 67 15 75 44 59 104 102 80 29 27 23 63 27 87 70 15 63 101 72 86 64 82 44 26 60 103 55 62 57 31 71 54 69 
76 95 49 28 17 78 64 60 42 109 30 45 108 102 26 92 39 26 69 68 93 109 45 67 80 81 52 90 87 16 105 96 13 62 28 45 95 38 88 70 11 59 74 95 36 67 47 51 48 103 106 43 103 78 83 45 19 106 91 71 49 94 33 109 41 59 52 16 60 97 50 79 33 98 77 93 10 68 16 48 73 30 76 68 95 33 39 108 66 80 85 106 93 98 29 56 100 85 79 29 
51 107 55 64 68 68 104 101 51 47 10 42 85 46 48 68 90 95 23 94 63 37 95 36 80 46 91 80 59 58 87 109 45 83 47 61 41 27 43 81 86 39 41 54 52 77 10 38 26 44 109 67 50 91 33 51 41 59 49 109 85 109 73 55 36 11 34 93 99 45 34 105 55 80 93 27 102 62 34 83 50 65 78 80 53 40 66 75 24 90 68 68 34 18 21 77 27 38 100 109 
90 80 100 22 10 74 85 94 92 21 16 78 54 36 46 76 102 98 48 75 22 57 56 69 62 81 66 20 67 76 60 80 55 35 58 84 84 53 39 46 73 26 68 44 11 71 65 25 84 92 49 92 34 10 85 47 86 10 34 74 47 105 35 39 61 98 104 54 16 85 81 100 94 29 89 105 68 17 55 84 48 66 30 42 76 32 67 63 81 65 99 35 39 38 49 37 104 100 58 64 
27 102 40 28 58 66 100 92 53 49 11 103 37 79 103 43 41 102 45 36 52 90 26 71 27 17 30 55 76 31 92 92 16 101 80 25 105 53 73 81 102 45 27 22 91 77 31 62 32 38 40 39 34 109 63 61 104 51 74 93 30 54 98 87 23 12 68 12 63 59 68 85 100 48 33 105 11 15 68 33 97 51 36 40 19 30 45 53 41 84 12 10 81 85 19 40 104 32 46 100 
25 62 64 92 43 98 65 70 55 33 52 69 97 53 57 94 99 78 98 108 90 89 17 23 70 57 56 81 92 54 52 58 46 63 59 98 33 35 61 100 49 56 72 85 34 88 95 13 91 87 60 58 80 104 26 39 36 48 25 82 62 72 31 77 38 75 39 69 92 99 96 29 45 50 76 42 95 32 13 71 106 51 60 42 82 71 80 23 75 55 30 20 38 80 31 106 14 24 109 20 
79 62 45 81 54 40 92 71 105 61 76 93 20 68 82 105 16 24 62 94 15 22 31 51 85 100 35 21 77 92 93 97 103 60 89 78 84 94 39 45 70 15 21 102 34 60 26 70 11 69 19 33 77 10 35 66 50 58 65 17 59 101 70 92 46 29 80 89 35 29 19 11 41 34 17 35 11 93 79 98 74 73 34 44 80 61 107 34 21 77 75 50 89 65 38 71 42 37 70 49 
76 47 58 58 14 58 75 31 43 85 51 24 57 72 64 86 64 68 31 94 98 76 26 66 90 39 47 39 99 53 14 11 94 30 97 46 62 92 38 76 82 103 68 89 93 97 33 107 106 104 11 63 30 13 82 30 42 63 34 43 67 75 42 90 77 76 100 78 36 38 89 54 13 59 43 13 20 50 37 20 37 92 103 97 73 71 75 109 61 28 91 68 13 68 48 88 74 67 82 31 
32 66 77 70 108 53 44 51 29 62 72 21 21 103 15 91 61 70 108 81 52 104 94 45 10 65 65 33 60 98 49 20 27 42 58 20 105 29 58 99 81 61 105 33 47 59 10 17 44 94 87 22 51 14 106 72 47 61 61 42 75 48 55 38 104 36 88 55 38 15 59 67 22 11 109 37 102 63 105 52 77 59 86 65 52 58 13 25 57 83 75 59 47 79 41 80 63 78 62 88 
66 91 105 96 39 41 88 69 62 99 68 48 64 82 18 66 81 57 13 21 84 29 17 15 109 98 71 55 45 102 42 86 77 13 77 109 64 77 22 24 39 103 87 64 22 41 99 36 57 109 99 84 46 22 97 67 13 101 92 39 37 71 62 106 56 93 107 64 42 12 55 86 34 91 105 33 42 53 12 79 92 99 47 109 45 89 64 62 109 60 42 55 103 81 59 100 14 87 15 29 
60 38 38 32 78 95 84 94 61 94 47 25 99 91 84 69 60 56 70 37 43 31 71 28 56 60 73 71 56 68 104 81 55 12 56 30 64 63 70 96 29 45 26 23 45 102 28 75 80 46 35 56 54 22 92 25 15 36 11 83 16 90 103 100 101 24 33 67 10 59 32 95 72 12 78 84 62 58 45 48 72 47 82 102 10 53 29 91 80 101 55 94 24 95 89 109 92 96 29 60 
103 95 26 18 98 109 35 106 79 41 24 12 80 47 108 87 108 61 98 73 63 15 51 77 72 65 91 105 28 82 104 80 48 31 55 33 53 75 28 45 47 109 109 102 64 34 41 76 39 32 66 28 85 102 20 71 42 38 32 59 87 36 58 88 87 48 85 54 35 49 31 50 50 76 91 58 57 61 17 61 20 67 87 19 13 86 50 33 84 64 79 16 95 109 58 40 83 68 26 94 
83 41 14 93 101 32 20 97 74 78 104 89 33 19 67 51 95 87 33 82 38 45 59 27 19 53 77 75 100 101 79 48 14 86 22 101 103 19 30 107 72 38 10 69 52 50 99 104 52 30 96 56 74 96 81 53 76 84 55 98 59 37 64 14 91 56 67 95 24 60 42 83 53 22 42 93 49 78 99 93 19 97 105 55 22 49 45 58 89 17 40 64 11 50 53 28 22 87 33 82 
93 95 96 30 67 12 49 16 86 34 62 47 45 109 26 100 77 16 31 85 30 102 75 57 68 94 41 39 92 15 72 99 33 80 52 92 106 90 79 82 25 61 46 65 84 87 64 39 92 61 79 47 11 86 14 83 71 107 105 35 95 72 39 70 28 83 89 19 72 34 84 92 85 25 53 56 42 78 94 71 82 96 76 99 61 14 43 104 86 108 14 43 78 94 27 74 26 24 76 106 
83 58 20 106 51 101 76 99 30 65 58 61 91 81 35 38 83 64 19 40 48 101 49 63 58 77 64 87 100 107 66 83 99 72 46 39 98 49 95 51 77 30 70 57 91 92 16 99 94 13 70 72 42 102 53 73 33 21 50 102 53 80 29 59 22 86 55 96 66 13 74 108 18 88 48 33 15 21 103 27 53 37 24 100 26 11 49 54 46 22 84 43 50 11 93 45 38 43 47 44 
87 81 32 73 69 50 78 92 58 76 100 37 68 81 16 15 11 44 80 65 17 109 40 85 13 49 104 98 74 83 58 68 90 97 74 23 23 62 80 88 76 14 26 59 87 47 47 69 42 65 15 36 47 76 24 65 100 56 92 45 103 46 56 48 66 13 24 109 51 35 84 34 54 73 59 86 107 44 57 36 53 54 102 71 79 85 49 106 91 81 78 23 76 40 16 19 100 69 94 56 
69 13 16 101 103 106 93 60 67 45 22 77 79 75 13 83 101 26 59 25 28 53 98 107 21 101 84 73 35 17 80 31 37 68 46 85 31 86 109 29 51 21 22 19 45 73 40 24 46 93 42 98 49 15 80 50 78 101 38 95 47 30 34 107 64 13 104 72 75 64 10 12 24 39 104 36 73 38 58 89 61 109 13 52 90 26 100 108 68 40 63 61 72 54 59 95 65 82 99 68 
62 39 50 70 56 37 54 32 46 83 64 43 66 61 101 44 41 32 89 12 86 90 79 98 39 95 12 20 37 84 70 109 52 65 103 75 38 82 94 36 108 33 11 97 98 107 62 85 60 88 65 103 40 16 41 99 75 31 37 74 50 23 99 20 98 73 30 98 31 74 13 64 32 26 64 96 35 34 28 12 30 69 98 92 51 84 10 76 32 64 62 60 26 36 96 12 47 11 11 59 
77 12 75 91 53 20 18 99 68 94 31 16 96 97 81 100 82 28 83 63 91 72 106 23 61 25 14 95 43 74 14 47 63 94 43 82 31 54 80 67 98 39 107 50 33 11 53 86 41 10 58 23 63 21 103 42 61 24 109 26 22 44 59 62 22 51 19 60 90 79 45 72 75 21 27 21 73 31 16 55 53 60 103 74 52 54 43 46 12 35 69 63 17 16 53 39 61 80 105 38 
51 69 30 25 54 88 68 94 48 93 48 47 45 40 92 25 90 31 35 62 14 56 22 14 55 35 54 59 104 39 42 19 26 39 71 43 40 56 42 93 83 49 90 45 97 80 99 39 70 31 107 99 73 54 31 15 25 23 44 109 47 25 74 68 21 93 56 53 47 41 65 61 61 100 62 105 30 71 70 77 83 44 43 101 11 88 97 89 10 25 19 82 71 62 80 33 74 47 60 20 
101 88 53 71 31 28 108 93 43 105 19 82 78 13 74 55 59 60 56 52 54 65 69 78 95 11 78 57 16 97 45 19 74 43 61 50 35 34 56 10 48 41 31 27 34 94 25 54 62 29 80 77 29 84 97 40 55 26 54 109 72 95 25 31 12 51 14 83 43 62 21 39 34 69 93 75 55 60 36 101 107 23 81 96 72 100 94 16 28 32 29 76 28 101 69 76 13 89 108 77 
55 13 40 30 35 44 31 43 45 97 103 37 58 34 102 28 10 54 41 96 105 18 63 107 102 31 29 17 81 32 71 101 62 61 33 75 66 90 71 75 33 10 38 45 63 22 92 86 67 99 102 109 86 71 52 41 70 10 48 90 30 55 39 78 51 72 44 43 80 92 10 70 74 51 109 46 75 43 39 37 64 38 29 94 20 78 27 107 35 16 20 73 58 100 79 54 109 53 65 74 
47 68 16 21 24 57 103 39 97 90 95 74 44 86 25 28 94 57 58 57 65 42 91 47 37 106 69 34 109 63 11 51 14 39 25 75 60 42 93 29 106 49 88 48 51 13 16 30 80 59 15 34 88 97 94 39 49 108 83 48 25 12 51 95 73 21 76 37 93 40 75 92 92 41 45 100 22 66 12 58 23 36 107 74 25 103 17 47 28 48 34 80 93 55 38 69 93 31 47 70 
59 33 93 15 57 23 96 94 19 44 10 80 49 67 78 66 95 102 32 43 45 93 37 109 71 100 45 10 89 83 16 95 55 19 46 91 49 109 11 17 105 29 94 37 65 70 43 62 10 13 98 108 85 79 14 100 53 67 67 29 85 59 100 56 108 77 56 19 90 89 91 17 29 48 35 109 80 24 20 65 42 75 28 30 47 74 19 13 54 60 51 11 54 37 51 20 106 34 93 108 
50 41 80 64 45 13 55 19 24 42 27 40 28 42 23 100 71 42 45 27 55 31 28 15 43 31 56 80 98 104 18 37 45 87 85 15 60 52 64 28 100 34 89 75 64 81 32 54 77 19 20 82 62 84 87 107 80 51 77 51 27 78 75 31 65 37 24 93 47 42 59 72 92 45 102 45 40 44 30 38 98 34 44 43 13 35 32 92 70 75 40 74 33 32 96 18 48 41 75 36 
72 73 88 29 61 51 25 86 78 31 108 97 41 49 49 62 40 84 91 52 28 10 10 44 16 90 100 33 109 78 95 44 65 54 54 18 10 29 28 59 57 90 109 58 94 29 42 50 98 80 107 43 50 32 55 50 37 60 92 57 109 60 40 106 14 41 15 61 92 49 77 80 86 53 66 83 26 67 96 76 43 53 82 24 108 81 47 71 19 30 96 37 51 63 33 38 101 107 109 91 
33 20 81 88 103 100 63 44 76 57 23 32 55 84 98 32 87 29 93 76 15 104 56 34 51 99 108 107 76 70 101 83 75 15 16 48 106 28 72 54 36 25 103 33 79 34 28 79 82 80 71 25 35 39 104 47 105 40 59 10 11 104 71 13 102 69 58 16 23 79 49 65 71 61 20 87 86 49 32 12 34 106 59 33 22 33 24 81 18 30 91 66 108 59 55 107 76 53 58 102 
41 14 105 104 60 59 61 91 108 55 85 55 94 43 10 109 77 107 19 51 41 109 108 84 97 69 72 55 39 69 34 77 76 78 37 104 59 106 52 33 106 27 21 78 58 91 43 84 98 94 78 78 35 14 54 31 70 21 32 61 10 52 40 35 40 61 30 108 37 90 15 92 35 24 22 14 102 19 48 15 76 76 81 90 74 51 36 96 45 43 61 34 86 102 69 61 106 37 17 97 
37 30 15 37 47 20 93 13 47 93 51 45 31 87 88 90 44 21 39 63 40 18 40 58 42 51 80 26 73 28 25 94 19 84 51 95 18 70 58 95 88 11 81 15 11 106 82 19 41 97 80 35 94 12 37 56 98 62 107 99 105 108 61 28 83 67 29 83 25 78 93 20 69 35 106 49 93 28 69 28 71 77 13 76 48 36 103 92 86 70 48 67 90 64 88 71 78 31 83 108 
67 68 29 55 11 99 26 66 49 35 35 42 88 31 26 72 97 18 48 40 15 100 109 79 17 63 23 66 95 93 58 103 109 72 16 76 45 29 81 74 109 18 57 24 24 22 17 32 37 102 30 109 108 81 96 102 62 27 34 98 103 99 98 24 106 78 56 68 47 55 78 107 35 57 31 47 53 17 80 59 56 49 62 22 30 41 86 101 35 55 109 26 84 66 87 82 46 18 106 19 
42 68 98 54 14 40 37 59 29 78 84 11 71 65 76 37 23 72 90 28 38 99 23 51 33 106 41 50 41 45 42 92 92 60 54 62 67 11 78 43 83 104 29 36 93 43 92 22 46 35 62 22 34 55 106 12 83 68 15 87 68 21 91 60 80 90 63 37 69 26 107 28 28 87 91 75 62 23 81 86 96 84 52 51 19 107 72 58 52 58 102 46 30 27 39 34 91 48 16 71 
60 57 68 49 15 91 78 24 11 26 104 77 55 77 49 73 10 84 54 109 35 90 27 34 59 96 84 67 95 25 68 85 40 92 21 47 80 72 101 38 71 22 106 86 10 68 81 101 58 32 108 60 68 38 55 52 48 70 83 87 103 105 14 23 42 35 14 105 31 58 78 94 30 101 48 42 29 47 76 42 72 44 41 47 104 12 21 24 52 79 44 57 40 13 51 16 21 107 47 12 
25 73 27 27 109 61 53 48 92 64 97 22 22 32 47 84 101 18 28 61 87 33 62 21 40 99 11 25 97 38 39 31 97 73 37 98 87 24 56 85 92 41 49 29 79 57 72 16 70 62 15 71 30 90 51 60 49 48 34 61 15 50 99 35 92 14 63 90 40 21 16 68 97 61 37 40 32 57 17 106 24 15 59 16 20 25 45 98 95 44 23 33 86 73 87 36 32 17 39 76 
37 35 10 58 85 40 67 23 106 26 102 15 61 17 40 13 57 62 65 94 45 104 56 100 46 57 15 17 88 68 91 56 109 32 102 23 18 62 51 101 86 34 67 18 56 68 42 73 37 41 51 89 47 10 47 19 60 64 50 107 37 89 56 49 48 91 108 102 31 107 103 23 16 39 103 61 26 104 48 98 85 81 31 90 93 76 109 66 19 76 78 69 105 94 38 104 42 76 68 76 
73 23 41 96 70 76 59 32 70 93 83 76 16 56 84 18 56 80 30 76 79 88 37 48 94 69 77 88 40 31 101 100 103 54 19 17 50 33 32 57 60 35 72 92 79 50 11 65 15 36 97 73 89 76 88 55 19 96 16 30 53 16 52 71 93 48 27 105 19 109 107 105 52 62 77 50 13 65 65 62 66 55 72 107 60 99 75 15 37 57 37 13 86 75 85 56 91 13 25 73 
70 26 91 87 43 38 94 13 54 86 84 18 45 12 45 51 96 103 30 24 54 67 22 14 106 101 16 36 26 93 43 21 86 15 75 16 108 28 29 101 34 77 60 44 105 85 85 104 97 75 72 49 18 70 92 96 105 32 45 58 69 29 48 76 83 60 70 51 103 58 16 28 78 22 75 29 37 81 24 52 60 59 38 71 87 46 35 16 75 93 63 15 36 63 75 55 37 90 41 90 
93 57 33 91 73 54 59 36 50 72 101 39 108 108 88 37 35 70 79 90 33 57 12 75 92 33 65 97 17 19 40 101 21 54 54 85 99 15 66 34 27 66 58 70 90 60 98 76 77 88 83 53 58 42 86 73 108 45 26 67 90 76 71 101 43 39 95 60 101 103 98 98 96 67 69 37 20 36 100 51 74 76 84 102 58 22 102 26 68 37 69 52 49 73 58 106 60 106 106 88 
18 96 47 13 33 11 51 55 40 104 10 103 64 104 14 52 34 79 91 53 37 11 12 33 48 71 44 11 15 10 42 66 46 20 27 103 87 102 20 100 18 85 99 79 101 49 45 16 49 83 79 83 54 37 105 46 105 12 26 17 32 74 58 18 82 18 100 67 57 41 96 106 16 77 24 100 77 15 21 93 63 49 36 52 39 50 37 50 96 53 57 63 80 20 15 19 81 81 52 42 
52 30 35 91 28 98 61 62 67 75 85 40 61 12 60 98 57 82 100 29 27 103 70 66 102 103 109 42 59 83 53 43 54 66 96 35 74 10 42 32 55 63 19 105 57 18 29 44 46 33 54 92 100 85 56 49 58 75 72 78 29 79 92 23 97 50 76 43 100 31 46 87 105 16 73 59 30 66 43 76 65 67 31 71 11 70 26 73 48 88 107 44 98 109 80 109 25 76 75 42 
84 88 47 10 58 103 68 67 81 68 92 27 75 16 30 22 14 12 107 46 53 26 88 16 34 25 83 70 88 46 29 18 98 92 31 26 33 22 96 80 76 52 78 68 86 72 56 91 63 14 48 107 32 105 21 25 97 31 47 14 88 50 74 76 104 41 75 66 94 75 16 75 10 94 99 12 21 67 17 17 37 96 53 45 22 41 87 59 16 11 45 56 69 86 21 18 100 74 107 35 
17 93 25 87 104 90 65 78 44 93 21 26 13 58 10 51 70 83 33 99 42 33 97 88 49 13 47 100 73 87 11 13 23 40 24 109 108 13 108 27 100 78 84 102 58 16 94 58 36 77 45 17 87 81 15 40 30 55 68 69 108 52 18 87 76 43 15 88 100 21 50 27 12 79 53 58 36 70 67 73 56 100 78 36 96 20 59 49 23 72 68 30 47 25 85 82 86 100 39 65 
20 87 94 85 45 86 50 58 39 100 43 77 47 33 55 13 104 96 44 62 85 51 35 11 65 14 88 101 43 70 35 36 35 100 99 17 45 57 29 93 24 38 23 58 36 50 37 19 76 75 75 97 83 86 60 63 63 39 19 53 10 81 21 88 73 98 78 12 70 78 83 76 70 28 95 11 95 29 56 23 106 99 104 14 29 29 37 98 71 105 62 53 100 57 75 34 94 35 63 102 
20 107 107 15 22 66 66 40 41 44 11 81 48 66 75 46 79 34 96 82 12 62 81 90 35 90 18 109 47 77 38 22 41 94 103 68 50 97 98 87 69 69 40 40 86 50 48 101 70 86 70 104 38 47 63 95 49 37 38 106 14 78 106 85 23 93 101 58 56 43 69 37 83 11 17 105 62 45 70 62 81 105 30 83 98 77 85 73 22 84 59 40 38 105 93 43 37 55 10 95 
100 82 48 81 103 106 83 71 18 26 10 49 37 107 82 88 99 82 103 68 109 88 76 20 52 105 77 87 64 64 102 12 36 104 55 84 58 93 54 91 85 80 57 28 108 77 104 82 77 48 101 99 78 70 22 10 22 44 87 85 27 100 57 100 50 15 94 53 24 74 10 108 92 85 80 33 108 61 74 87 33 70 74 27 77 80 29 65 107 37 75 10 98 79 23 108 54 69 60 66 
15 20 38 23 30 92 42 76 97 41 74 11 90 95 12 83 63 104 37 98 64 12 76 78 57 81 47 43 22 72 30 11 65 95 96 27 51 73 58 42 77 63 56 23 104 17 85 76 39 92 18 12 104 81 16 108 65 54 54 34 88 11 41 50 13 35 38 69 99 80 59 22 98 73 10 51 24 15 54 21 85 94 16 68 107 104 69 33 25 106 32 68 83 86 106 16 15 105 97 53 
51 49 98 49 87 82 62 106 92 81 95 39 94 57 78 49 109 25 32 52 22 17 41 58 64 81 100 19 68 35 37 78 74 65 15 99 17 65 106 33 51 59 44 94 36 96 21 32 79 68 21 10 14 95 13 72 18 32 50 11 47 22 57 29 101 58 70 15 35 100 40 91 98 105 48 21 94 57 65 81 12 10 71 27 75 49 11 33 25 19 63 12 41 95 99 17 54 45 74 22 
37 94 65 105 95 59 48 65 25 51 66 19 29 37 72 58 89 53 41 61 61 106 108 89 48 16 101 11 23 91 61 79 96 87 52 51 65 45 68 109 71 90 84 94 48 23 66 103 83 81 41 62 63 109 33 10 46 10 76 102 56 74 13 91 62 19 43 32 92 99 52 14 79 50 46 75 15 22 82 36 65 35 20 66 98 56 78 24 23 106 36 75 95 91 39 66 98 26 48 108 
25 109 32 43 78 39 53 26 38 71 100 34 51 57 57 29 91 92 99 15 13 59 100 101 78 55 27 55 77 80 48 96 35 12 92 105 38 65 106 30 51 23 56 88 37 13 34 96 96 75 107 78 26 28 54 14 73 89 25 82 53 17 27 36 27 90 67 79 46 68 10 32 84 45 38 24 68 109 37 102 31 50 99 46 53 103 56 31 38 104 28 12 53 106 37 27 95 13 82 86 
95 21 76 64 64 52 53 10 60 76 19 44 108 10 92 26 95 103 63 34 31 58 21 85 53 13 33 26 33 95 13 22 27 94 79 17 76 14 94 91 75 82 40 70 97 25 55 103 31 52 75 59 68 58 76 80 106 103 13 77 93 70 24 54 25 24 34 71 35 10 77 82 59 27 28 23 68 89 79 96 85 34 56 97 27 92 81 50 11 45 35 83 57 16 98 27 53 48 94 67 
49 104 70 41 63 75 47 100 81 37 107 70 94 101 109 101 50 100 16 23 108 33 100 72 35 31 105 56 88 64 11 33 23 108 56 97 88 22 28 92 94 24 66 29 68 37 40 11 36 102 76 34 54 65 12 29 98 94 31 66 45 78 109 20 23 18 45 25 72 64 12 44 25 20 73 84 102 94 91 58 50 34 11 91 12 103 106 30 11 65 89 88 24 17 83 109 76 78 95 34 
74 97 39 28 21 12 32 52 97 52 107 98 82 48 23 43 58 41 60 106 69 19 39 27 34 16 31 99 35 48 19 79 91 49 17 39 23 64 95 60 103 59 104 12 18 44 37 82 17 106 52 82 60 18 29 31 93 37 83 15 54 68 85 54 101 44 62 93 34 96 73 41 11 63 65 36 106 38 61 71 20 90 63 37 101 101 62 19 36 79 44 73 40 31 77 59 27 75 21 35 
18 72 60 34 25 109 80 65 21 31 90 47 79 17 45 76 102 92 59 16 104 34 54 80 69 43 66 103 101 32 15 97 67 108 38 56 30 107 39 84 99 69 74 89 82 79 18 27 73 32 28 93 87 30 88 64 74 57 13 34 36 73 101 102 102 64 40 59 85 35 103 101 72 81 47 50 98 64 73 77 46 71 29 23 16 95 60 14 50 82 63 75 55 16 36 67 106 56 90 106 
69 78 79 -10 44 23 41 64 81 67 14 41 27 25 21 64 79 28 -9 17 64 75 20 66 1 62 58 2 63 -12 66 8 17 60 17 25 16 71 46 82 38 -6 20 6 22 28 18 -9 81 71 20 58 19 -8 -11 -8 37 11 16 54 -7 16 16 -8 31 63 27 30 15 46 32 55 11 72 -1 71 -10 24 50 6 29 -13 42 5 1 23 16 73 29 24 20 -14 73 76 25 17 19 26 50 41 
18 71 13 -6 48 -15 -10 15 16 -5 -10 82 3 1 81 74 18 3 -12 -4 45 20 75 5 31 45 30 75 30 55 -2 21 -5 53 -9 -8 41 -14 64 79 39 11 -2 31 28 -1 0 72 75 82 54 18 33 15 -11 47 21 45 15 -4 -6 53 15 23 17 -14 -13 76 -9 -11 64 58 -5 50 22 4 3 34 -3 31 3 23 74 75 18 57 74 38 29 50 -12 55 54 24 53 22 9 41 73 51 
81 43 71 5 17 10 61 -6 76 27 6 72 -6 74 68 6 72 62 9 23 -1 47 40 62 -9 4 28 -13 -3 6 77 -8 3 29 33 0 64 6 33 36 72 60 64 43 68 31 72 -8 73 10 80 45 5 75 52 41 39 57 31 41 64 -15 78 -12 -6 -7 70 74 56 65 12 35 26 -13 78 79 42 6 41 -12 51 13 73 -3 49 20 57 18 5 -13 -13 33 -9 -2 46 -5 69 49 70 56 
77 -3 23 74 -14 54 -6 73 59 59 52 23 41 83 13 38 -6 49 5 -6 10 -10 -8 3 -15 13 63 12 -12 40 24 25 4 65 78 42 77 11 22 44 24 66 37 68 27 64 -8 74 65 50 68 79 48 -2 10 46 82 46 70 80 -8 41 29 -10 9 41 77 35 70 5 16 1 71 19 76 32 2 32 74 77 81 19 8 57 33 8 76 51 46 66 26 46 28 30 81 14 58 -15 35 -12 
13 16 26 8 27 -5 73 -2 73 64 58 5 22 40 -1 16 -15 82 -4 -7 2 -13 13 30 24 14 84 18 81 69 61 14 -2 -12 76 -12 49 80 83 27 25 30 49 7 0 45 74 55 34 82 76 9 37 6 25 -2 20 1 74 81 33 49 43 28 66 65 -8 21 55 47 48 51 48 40 83 57 16 46 -15 78 26 34 29 22 67 4 52 48 1 -5 27 4 -2 65 -7 -9 32 -9 37 81 
56 -15 62 41 20 -4 72 -13 69 8 68 -2 17 64 67 -15 1 43 28 -8 -6 0 50 15 57 2 43 66 57 42 42 25 -8 -4 42 78 56 72 28 53 -13 73 83 67 37 62 42 70 78 1 13 79 76 56 -8 -3 17 -6 77 62 12 -10 76 76 68 66 55 17 -11 3 -1 -2 59 34 37 12 0 22 73 40 62 36 53 69 62 31 5 -9 47 30 30 26 17 43 79 39 79 -2 23 83 
-10 24 36 58 32 4 64 2 30 31 -15 83 82 26 10 25 84 -6 41 28 77 75 59 43 64 73 58 -15 49 39 52 15 11 37 60 62 19 5 78 8 25 44 3 13 61 30 38 20 50 11 55 -3 65 11 44 45 62 -15 59 68 66 -9 72 -14 53 77 -1 26 -10 79 15 15 -1 83 24 31 47 52 39 33 13 15 9 77 -1 72 45 -1 30 49 28 4 11 33 29 48 55 40 45 -7 
83 48 69 10 43 -1 15 64 -12 84 70 -15 36 39 65 73 -7 37 45 14 28 67 50 66 59 65 55 24 37 26 29 60 57 18 79 26 -6 80 11 30 -11 62 74 35 63 45 56 45 -11 1 82 73 1 41 13 14 15 31 72 79 -1 63 53 18 5 76 8 31 63 74 83 1 -15 42 17 -12 47 67 81 44 26 46 10 69 0 37 9 3 78 59 54 84 82 83 19 12 10 57 73 36 
42 65 76 46 73 24 45 84 55 -4 18 11 37 31 6 65 21 21 30 10 8 61 27 84 9 14 36 13 52 83 42 26 35 37 34 -15 76 -4 -1 38 -5 27 38 13 49 0 -2 34 9 27 39 2 25 -3 69 34 13 48 48 82 72 -15 71 28 23 3 5 -3 82 -10 31 74 55 22 20 75 82 77 2 -12 15 50 37 4 82 39 13 59 68 46 -2 39 9 83 35 75 33 41 9 -14 
3 -10 53 25 72 40 13 40 20 70 -15 14 39 -14 60 0 22 16 46 -5 32 66 40 59 23 73 -4 6 1 0 -3 82 16 28 -7 59 54 37 1 49 44 71 36 72 57 30 48 61 -14 -2 74 17 73 -3 24 75 42 3 0 2 44 57 30 34 56 53 66 56 -9 37 71 29 25 16 63 64 58 44 77 83 72 6 -13 5 1 32 7 10 -13 5 84 19 -11 54 68 53 23 59 41 2 
-15 64 17 33 32 29 -6 31 41 55 26 24 78 81 -2 16 6 57 81 13 73 24 0 84 40 69 43 69 10 60 74 56 79 70 29 5 60 46 9 56 51 20 44 25 28 41 39 82 24 -6 42 -13 8 22 23 1 82 76 -13 74 72 82 5 52 34 11 8 76 33 20 76 29 43 -3 83 57 40 56 -6 38 33 30 -11 -3 1 40 83 47 42 81 3 49 -11 3 30 -2 80 39 18 39 
3 -15 14 46 17 43 31 45 28 8 2 -3 -9 16 24 -6 15 75 22 6 60 59 1 66 42 50 28 44 35 6 63 41 19 59 32 80 -15 46 48 40 -1 35 53 11 2 70 17 55 79 -3 77 69 21 46 -13 84 2 -6 37 75 23 29 51 55 -12 40 22 7 72 62 -6 48 58 16 57 71 76 43 77 48 47 68 0 33 20 82 10 -8 69 29 7 58 79 58 -11 44 14 78 32 46 
13 44 0 1 0 51 47 77 43 83 16 64 73 58 31 74 65 66 -15 65 72 26 46 26 83 74 58 -7 -6 35 -7 26 52 10 35 -11 21 52 39 70 70 6 13 20 0 -11 29 35 40 4 66 4 33 41 16 26 63 58 74 82 23 61 59 10 50 14 35 21 74 83 68 34 6 24 22 19 69 0 7 72 78 27 7 1 7 10 64 76 56 56 -11 78 -15 47 68 75 74 2 76 3 
5 -12 60 52 77 17 -7 26 83 43 -2 78 -14 72 1 3 3 53 21 32 8 82 58 37 0 41 13 0 4 28 33 -5 29 -5 -11 25 22 -3 19 29 2 53 20 -11 17 1 76 82 31 38 8 63 18 47 75 13 9 66 74 10 69 71 20 81 47 48 20 52 22 40 60 39 55 48 45 48 1 79 32 3 -6 49 -3 9 19 -9 66 75 19 0 47 65 4 11 55 35 29 3 1 46 
7 -9 11 -12 24 -5 -1 36 17 70 69 -14 20 -13 48 49 -3 25 -4 22 63 66 19 36 25 -5 23 -8 34 36 35 -9 80 56 6 73 60 10 -8 13 50 71 58 74 70 66 40 72 79 -9 1 76 36 72 27 67 56 37 80 6 -14 72 12 10 25 76 15 42 36 -11 57 6 2 40 8 36 63 83 71 73 6 -4 -15 13 -6 7 63 44 38 44 53 26 2 45 38 35 71 -8 11 34 
58 49 10 55 80 7 31 31 16 55 -5 53 -7 44 55 38 -11 41 39 -12 -14 28 4 19 29 13 78 76 25 42 2 50 57 16 -9 73 40 30 39 8 3 72 81 -8 36 7 -11 75 66 -5 83 2 29 -3 -1 49 39 78 44 42 71 64 0 41 25 67 24 12 51 67 16 75 -2 16 -11 69 43 -11 33 43 68 37 83 -8 38 59 7 70 69 26 40 24 38 61 -12 -12 19 67 16 31 
55 40 49 -5 65 45 63 12 67 -5 72 15 27 -12 38 2 -3 55 0 56 14 -9 -14 79 69 0 52 -5 22 54 69 67 11 43 -4 -11 30 37 66 18 35 23 57 22 44 46 41 -11 34 55 18 39 34 -9 -11 14 80 51 10 53 10 -11 29 -9 84 27 83 36 19 47 19 27 -8 74 82 21 74 29 36 49 58 64 40 12 82 25 10 35 71 81 -9 46 24 13 0 20 56 48 39 73 
15 51 -10 50 -12 17 69 23 73 67 19 81 52 -13 16 55 5 73 -3 26 15 22 -13 20 63 13 40 77 82 58 63 59 -5 4 71 76 -11 14 83 33 22 42 37 30 80 58 60 7 79 67 18 45 35 70 29 68 -9 -4 -8 -9 67 77 -7 79 66 44 38 65 3 -2 56 79 28 49 64 79 83 79 29 -4 8 19 24 -11 60 25 19 17 -3 16 83 66 54 53 67 4 64 58 54 83 
52 66 24 76 -1 67 18 -15 80 84 78 12 25 25 57 -4 1 47 27 76 68 76 30 13 71 38 27 71 49 18 37 9 66 45 59 36 32 58 44 47 3 39 37 28 -11 61 75 46 78 32 -6 20 80 60 37 -15 -14 48 19 32 50 73 -11 -11 25 62 36 -12 22 -3 70 70 -7 43 0 47 57 -13 59 -9 -9 8 28 75 46 72 56 73 16 -5 55 34 50 57 -1 84 15 79 1 60 
-11 44 12 66 5 23 68 -5 12 11 9 25 17 0 44 25 64 -8 30 10 52 -4 25 82 30 55 11 53 2 55 0 28 -15 7 37 -10 35 13 45 52 30 25 9 51 47 34 -8 48 1 20 -11 3 -2 -7 79 3 32 31 20 37 33 46 53 -2 55 74 34 66 -4 40 3 -9 19 2 66 7 77 -1 58 9 82 72 79 33 71 -1 79 14 26 66 8 47 29 44 14 33 38 53 43 32 
6 64 -14 12 12 -4 37 78 24 20 63 -2 29 44 1 -13 -2 -9 83 58 12 -10 9 36 57 37 74 51 3 64 28 61 68 45 37 66 40 81 35 19 7 83 35 31 21 80 11 31 83 11 55 36 48 49 80 63 65 13 -8 61 44 12 1 4 -9 75 42 34 59 39 26 27 62 46 2 80 70 44 48 30 43 1 -3 36 56 37 29 29 73 60 1 30 56 47 30 15 65 78 83 15 
54 44 58 5 70 60 63 4 81 13 74 62 41 68 12 41 52 64 83 42 54 30 33 50 52 6 66 26 -11 78 17 70 72 78 73 66 -14 76 52 -9 53 77 35 47 81 83 7 19 14 56 -8 49 51 75 24 3 50 6 54 74 43 64 67 14 -11 75 -7 61 82 48 75 -14 14 14 32 72 16 -12 -9 35 80 55 54 7 24 80 49 59 25 45 50 71 52 -10 -1 24 73 50 63 83 
3 -9 73 -11 21 46 -15 6 9 18 44 41 17 84 -10 79 10 59 18 82 77 41 70 36 15 9 39 64 57 3 79 32 8 21 57 23 -11 47 66 53 64 9 50 12 22 15 76 34 20 61 41 25 75 21 45 62 12 42 -8 21 33 46 -7 47 33 -14 77 73 -2 3 34 -8 37 -3 60 17 18 4 4 83 51 35 3 -1 41 0 29 48 36 71 26 7 -13 75 41 44 62 66 79 42 
57 56 2 79 -11 82 31 48 21 55 21 11 37 60 -12 73 34 40 28 35 22 82 17 28 69 70 46 13 20 41 -11 -5 65 -11 39 7 63 32 -12 84 12 20 61 78 60 47 19 71 -1 84 -1 6 50 -10 41 41 -10 23 -15 79 10 -13 -7 19 18 38 27 44 80 11 -7 65 65 67 42 15 83 10 22 76 50 28 22 82 13 42 45 1 54 46 54 49 -15 52 19 -9 77 -13 70 1 
35 52 10 -11 18 80 5 62 75 56 -9 61 -10 44 -3 59 82 -12 46 46 62 -5 69 65 35 9 65 15 -8 4 -2 59 40 17 77 41 -1 27 41 69 -13 60 -9 57 20 -8 39 40 37 39 -4 44 41 46 66 43 34 0 30 82 46 69 -15 10 47 67 28 67 35 57 32 53 47 0 -10 -15 35 44 -11 1 7 7 -13 16 16 -12 0 44 66 66 17 9 80 82 64 16 57 67 41 67 
78 32 40 13 28 47 -8 -11 59 56 71 64 -6 4 75 78 1 59 49 32 -7 48 31 35 32 23 19 16 13 39 -10 69 44 65 19 83 12 41 72 72 40 68 29 50 -15 38 59 33 78 48 3 46 53 16 48 -7 33 20 -10 24 3 13 -8 52 78 -11 7 39 -2 -14 7 -6 -5 64 27 -6 69 17 68 42 -13 60 15 35 34 8 48 2 11 -15 65 57 28 79 30 -8 47 11 60 66 
23 54 77 73 -5 49 17 34 56 -15 74 56 -6 10 -15 50 62 63 46 11 -13 79 -13 10 -1 27 58 -14 -13 58 60 -12 9 14 34 14 44 73 34 50 61 46 81 -12 33 1 32 -12 79 12 59 19 76 44 -10 16 72 48 -2 -10 59 8 70 36 83 32 30 84 71 70 35 -1 80 8 65 1 -4 51 33 16 73 -7 44 23 58 38 -12 82 83 62 11 47 49 52 73 50 53 77 21 36 
3 -10 32 41 54 40 1 -12 -3 59 17 11 38 5 59 7 38 35 -15 -7 9 -12 -7 62 12 61 6 76 76 50 34 21 -8 31 21 11 34 12 7 29 -10 5 -6 25 84 48 -4 10 83 25 71 68 10 84 12 58 -11 61 29 0 79 81 -2 37 19 39 17 -14 16 62 -3 31 14 52 64 77 -2 18 -11 65 -11 47 -11 40 20 65 67 56 22 55 49 50 38 0 45 80 -5 80 -10 49 
41 56 -4 -14 10 82 -15 36 45 47 36 -5 13 20 66 45 -15 15 0 -5 46 63 32 27 10 5 47 3 24 65 30 57 -4 28 -8 20 5 22 27 37 67 63 10 81 74 82 55 26 64 -14 -15 8 -10 57 -8 74 58 26 72 46 71 54 78 9 45 44 80 70 31 17 52 61 -13 62 84 59 16 84 -12 36 61 27 35 83 13 53 34 41 58 53 31 8 63 22 30 78 29 70 22 75 
72 -7 70 27 2 4 67 56 15 62 57 34 57 48 30 35 31 20 14 49 35 84 69 14 24 63 34 8 3 37 20 25 49 23 50 -4 58 82 74 -8 76 64 33 21 11 34 57 65 28 72 8 -4 20 10 34 43 2 20 -7 54 -1 5 75 36 37 67 7 67 10 54 -13 76 -6 -10 82 0 28 62 70 68 45 78 44 22 57 -13 10 0 10 13 60 40 26 38 -5 81 76 30 51 -15 
-10 77 -8 8 62 -12 82 56 54 42 59 -3 -15 82 37 70 2 7 53 81 -13 83 11 72 39 -4 55 24 3 2 72 30 79 76 79 43 35 54 2 8 -13 19 53 27 80 49 24 61 24 58 18 37 2 84 74 55 70 39 1 84 9 20 83 57 32 37 41 -2 -7 0 30 -14 -1 70 16 23 -9 25 25 19 2 -4 35 44 49 53 -3 72 31 59 83 74 22 5 80 -1 17 50 37 76 
80 -9 5 59 36 2 47 77 37 4 84 47 -7 73 -2 3 54 42 12 81 79 48 18 29 59 23 83 -9 15 34 37 42 69 65 57 37 28 54 20 68 2 29 -7 17 64 77 44 6 37 -12 6 10 13 26 62 10 67 -4 63 46 81 40 39 12 -9 19 32 4 50 68 37 68 31 59 35 47 63 -8 41 32 8 5 20 32 45 53 7 64 -14 55 78 48 -13 54 84 65 74 -6 -5 19 
51 47 43 7 63 36 44 22 46 3 28 22 45 -5 82 -9 32 14 48 68 -11 84 70 24 77 -9 12 1 43 12 2 79 -6 63 -14 34 30 51 6 40 -14 24 50 72 84 4 4 6 9 63 14 18 39 78 72 6 80 3 67 14 13 15 25 24 19 52 14 64 60 8 62 73 62 73 20 1 23 66 -15 70 57 -15 10 69 60 55 0 35 63 2 65 81 -4 58 55 1 47 82 78 27 
46 63 39 -3 34 60 20 53 -12 24 79 82 66 33 37 2 8 42 57 59 43 68 -11 45 1 8 73 62 72 21 72 15 39 20 19 63 71 3 66 -3 35 41 24 51 38 -10 70 52 0 83 69 1 11 49 -8 36 -5 23 80 36 5 69 50 77 84 31 32 63 24 44 52 25 10 63 13 -8 -12 39 52 80 43 42 42 54 7 -11 66 6 74 2 58 59 31 -10 9 53 -12 32 -1 -2 
-15 29 32 84 27 81 58 26 41 -6 -2 37 78 60 41 57 11 32 71 68 62 -3 79 38 16 84 81 38 55 7 60 40 27 1 4 51 21 39 59 49 36 70 -11 32 4 -5 14 19 20 55 71 -10 16 8 5 58 67 79 33 84 49 -12 75 4 64 36 -2 53 -3 -7 31 32 -15 79 81 28 49 20 32 24 5 -4 29 31 79 83 10 74 40 40 71 73 -5 59 -13 43 27 73 83 79 
45 83 47 83 17 32 62 18 37 -5 17 31 82 0 19 39 -4 22 63 19 0 25 37 2 80 17 -2 52 53 22 62 8 -8 33 -1 56 3 75 -8 14 17 57 43 72 80 72 43 -8 70 69 12 29 26 64 40 2 52 40 58 36 28 54 45 10 19 79 31 8 -9 83 -2 -13 36 60 39 52 74 50 46 83 33 -11 29 51 70 47 28 83 -12 26 72 71 79 73 6 74 76 78 75 74 
77 0 50 66 66 74 21 -13 12 72 71 3 77 -8 38 70 69 0 84 -11 59 17 32 4 15 84 -6 22 34 28 47 56 34 -1 46 34 80 -15 -11 -3 27 9 4 -2 27 39 50 81 -2 14 -2 17 -3 75 82 63 -14 -11 -7 58 29 50 50 38 77 18 59 36 37 -5 -1 40 -10 60 59 68 62 39 -5 49 81 44 56 -13 -1 43 21 45 -9 57 23 81 26 45 9 5 71 66 -4 71 
-3 19 -10 55 -11 63 29 10 30 50 23 17 -13 12 -13 46 84 76 -2 22 3 -12 39 48 84 27 0 21 -14 11 39 64 81 25 -9 84 21 49 34 40 68 14 2 66 -6 5 55 -5 4 84 53 41 8 15 3 2 -13 62 19 53 8 26 66 63 67 -8 82 75 61 18 6 65 43 -15 26 19 -7 11 24 61 72 22 42 55 5 36 9 84 20 65 17 46 37 45 62 71 2 -14 31 53 
61 2 41 -14 19 69 2 73 53 46 -2 29 58 -6 41 -9 2 17 -10 18 22 63 -4 15 75 70 83 53 19 -14 58 18 21 -3 38 -10 -15 -11 25 32 20 30 80 7 33 -12 81 -14 -12 52 82 23 1 38 78 -15 80 35 17 60 52 20 34 5 50 -1 2 58 28 44 12 39 21 43 83 58 26 8 12 80 -6 71 56 8 54 49 40 19 80 38 59 5 -4 64 -12 -5 3 36 9 61 
24 56 -1 47 57 37 15 6 -5 70 36 56 -4 68 -10 72 7 40 42 58 49 46 39 -13 72 15 32 7 13 36 -1 60 -15 -8 74 47 10 -8 28 64 -9 10 78 39 50 5 -6 4 19 35 36 14 45 -14 23 31 62 43 66 34 22 -8 -12 7 44 0 44 40 74 -11 37 68 30 77 78 56 -11 5 49 19 71 10 -15 6 63 -8 16 20 44 41 74 80 -12 -6 -9 77 68 16 7 33 
-15 38 0 13 53 69 31 48 25 60 7 54 41 21 82 62 48 23 22 -5 -6 49 63 16 43 68 -7 71 82 84 9 39 -7 -15 71 52 63 35 23 26 80 -6 -12 72 4 40 67 84 55 7 52 84 42 24 27 27 65 36 -13 44 5 36 19 13 24 40 15 24 61 4 20 43 -12 -5 51 -10 60 55 0 45 48 4 52 42 54 68 40 0 80 20 62 13 21 -15 -11 84 -14 13 -8 -2 
37 22 11 58 60 19 -11 -12 6 70 29 -4 7 6 68 82 -14 35 71 -1 20 74 49 81 38 25 62 56 25 10 6 30 13 83 4 4 56 -14 35 61 65 6 -10 27 53 37 -11 3 56 27 67 -2 -1 52 79 77 29 65 32 4 71 41 -8 67 41 -3 26 25 9 48 19 38 -10 61 66 66 21 22 3 34 78 30 38 71 7 72 19 -12 -7 34 45 13 0 77 23 14 -5 -10 27 0 
34 26 45 -2 27 -12 66 -14 56 79 66 23 60 11 38 38 15 20 10 60 -10 38 34 74 58 -11 11 -2 49 5 73 18 -12 66 55 46 18 20 18 -1 80 33 41 44 72 49 12 -8 68 11 60 54 13 3 19 20 43 83 0 8 70 62 -15 10 41 21 23 13 3 4 34 -12 31 37 -6 -4 44 46 24 33 -7 61 45 0 9 -1 76 55 30 -6 42 19 -13 36 3 45 39 40 62 52 
8 3 45 82 53 9 23 1 71 81 58 68 58 -14 13 46 58 16 60 26 4 58 21 32 23 49 55 34 78 1 24 75 63 67 41 80 4 67 1 72 6 50 18 77 48 -2 83 63 1 -7 53 21 28 75 60 70 62 4 -12 30 -8 -14 25 81 -13 -13 -8 23 22 61 0 76 64 -3 -9 50 -15 77 40 16 73 14 53 33 78 13 84 50 84 21 0 57 -1 73 -11 63 65 10 23 58 
19 77 -1 10 -11 -14 58 48 43 35 76 25 2 14 13 66 38 69 -11 44 -2 1 13 14 -9 40 39 36 72 62 82 42 21 25 11 57 -15 -11 11 10 38 49 83 1 48 79 4 27 9 41 7 15 39 62 64 41 6 30 72 8 80 18 65 3 -2 55 21 58 21 35 2 10 -3 61 -7 12 -4 76 20 33 66 -6 38 16 4 37 80 -12 -6 51 53 9 58 70 59 12 33 14 11 81 
24 62 67 0 -8 80 5 51 61 53 3 7 -3 -12 21 58 51 74 75 72 18 78 47 -7 32 -10 33 77 -13 78 41 45 82 27 25 5 39 79 20 2 20 74 -14 14 67 52 65 10 2 38 11 -8 15 53 29 72 -7 3 15 -12 -5 27 69 34 48 71 -10 25 35 0 46 36 40 -12 53 26 19 80 46 63 73 75 78 14 4 47 38 15 58 43 13 30 41 69 26 17 1 44 52 63 
51 13 59 22 -11 -11 76 54 77 -2 12 2 70 83 10 50 81 32 -15 82 9 67 27 42 53 12 7 -10 14 -12 28 36 7 56 71 43 59 54 79 51 6 64 79 -1 67 68 -1 49 50 13 83 56 49 75 73 26 4 32 -15 36 -11 -15 54 -5 32 -1 62 48 7 80 37 44 -15 68 2 -15 64 -4 59 3 68 -12 16 46 50 -12 -14 30 45 69 -4 68 56 37 49 37 1 45 19 41 
80 73 16 33 70 33 39 80 19 37 53 11 -6 30 72 47 9 4 27 75 69 28 15 18 74 -5 22 -3 30 -7 31 45 -10 26 -2 60 30 47 80 65 -10 21 64 9 5 71 38 52 17 41 4 57 18 79 -12 41 64 -10 34 16 19 45 54 13 78 48 20 7 76 -2 58 8 -8 51 65 47 51 12 44 4 -6 61 13 43 10 27 29 53 37 72 -1 46 77 0 84 52 43 26 5 30 
32 37 68 68 74 19 12 10 34 15 16 8 -11 82 37 78 41 9 55 27 37 4 81 42 55 54 84 62 13 31 31 58 66 18 84 66 7 29 80 25 62 82 23 24 77 -1 14 45 53 55 22 59 37 -2 38 37 54 7 56 33 81 21 24 63 -5 -7 76 6 -9 1 71 62 53 71 -3 71 30 55 -2 33 64 71 -14 68 -1 50 8 2 49 -13 70 43 30 63 69 20 74 76 21 -13 
59 71 63 -7 41 16 13 21 12 80 -2 41 74 20 75 63 53 4 -15 50 28 54 67 -4 40 9 66 49 76 84 -5 33 65 -9 61 71 69 8 13 12 20 17 10 10 21 33 16 47 -13 52 79 32 55 5 -9 21 51 -5 7 44 11 29 82 -10 31 29 21 84 -6 74 39 29 42 -10 82 16 63 8 46 45 16 71 59 77 11 62 -14 70 36 68 63 3 10 27 34 59 37 1 19 31 
47 40 76 55 -8 75 49 14 63 76 1 73 20 15 76 52 15 -14 71 18 58 31 0 66 74 -9 70 38 58 40 51 81 72 65 40 28 84 28 0 64 -2 -3 53 2 3 61 4 66 3 2 63 65 42 61 28 14 21 -5 15 43 -2 -8 64 81 -6 37 -14 40 57 -11 43 68 23 -1 78 -4 34 62 65 67 52 64 54 69 75 -9 52 34 42 53 33 18 21 55 63 48 12 80 72 48 
47 78 38 -1 70 42 -13 76 8 24 8 78 53 62 68 75 5 33 24 -9 45 39 84 -6 -12 39 0 78 6 82 24 -8 15 32 33 76 83 50 65 22 17 65 61 28 6 50 69 58 44 15 19 21 79 -5 4 -5 54 74 19 70 32 63 75 39 52 37 -4 53 -13 83 65 1 78 23 80 56 -8 82 20 12 29 14 31 31 70 -5 -4 2 -1 2 48 64 59 75 -11 14 79 62 46 -6 
81 29 4 74 6 48 64 7 34 41 59 -11 59 -12 74 74 29 45 34 -13 4 17 -2 77 2 39 38 32 6 24 24 4 10 44 77 -11 41 7 43 64 68 14 -12 34 30 47 13 73 69 16 28 45 39 26 75 -3 17 37 -6 -2 11 21 -10 -5 64 17 47 21 -12 15 23 -12 75 83 84 47 31 81 4 61 56 80 23 61 7 52 61 19 41 50 0 7 -2 71 -8 18 45 66 41 34 
10 38 37 47 14 31 23 19 45 -4 51 78 29 5 2 78 33 69 1 16 21 31 69 16 61 69 -7 34 1 45 -4 17 67 23 69 44 53 74 20 67 52 14 13 3 41 -5 -13 65 11 32 18 64 17 -10 17 32 -2 -6 15 42 -14 4 16 82 11 66 54 64 76 56 -7 30 25 73 40 56 55 82 64 13 -12 9 30 14 34 9 64 25 -8 76 -4 83 74 -3 9 0 -5 11 18 -6 
8 25 -4 37 -2 -8 26 -2 79 66 58 35 81 56 -1 -10 19 66 -2 52 64 26 29 4 9 34 82 32 26 54 67 63 -12 25 18 7 70 7 60 65 1 15 1 39 29 73 14 61 32 39 42 31 53 4 26 62 -15 69 21 -7 77 35 34 74 65 1 -13 -11 30 2 45 32 50 57 -11 20 68 13 15 67 14 39 61 34 67 18 51 53 4 13 36 60 46 82 35 4 -3 -5 66 15 
0 9 43 84 5 25 58 67 62 6 26 -13 12 6 19 25 38 -8 -9 80 17 46 52 65 31 36 70 37 26 48 -11 12 -9 80 28 40 50 45 11 55 4 1 27 42 54 16 84 58 63 34 15 19 49 80 57 31 -12 83 62 32 36 69 -10 29 16 43 1 69 54 46 25 53 13 31 81 -5 81 8 60 12 -3 32 51 24 71 59 42 70 32 32 20 21 53 -4 10 5 41 46 78 7 
60 -11 9 -12 5 74 77 15 75 24 -14 -11 25 58 7 16 67 -9 5 56 43 4 40 9 19 3 57 41 69 -15 31 33 -12 0 44 41 57 59 19 77 2 0 44 49 -6 32 15 -2 -2 -12 76 14 29 1 70 12 18 24 79 24 -11 72 52 0 7 69 81 20 72 -1 31 34 66 6 76 10 76 -9 27 8 2 22 60 -1 -9 9 78 81 12 33 55 31 27 68 48 67 28 55 6 56 
82 53 25 42 -14 11 3 9 7 -15 10 26 29 33 61 16 59 63 52 45 75 -3 39 2 62 79 53 34 7 13 45 1 52 28 32 0 26 51 8 49 52 15 57 41 11 61 -13 4 28 78 31 8 62 83 17 60 42 67 81 47 45 65 -12 5 33 -14 69 13 26 -6 -15 83 2 30 12 81 19 11 81 17 79 56 12 77 34 -7 82 57 4 70 37 16 21 -2 32 33 45 -2 40 60 
7 73 56 58 45 -3 35 13 5 17 29 3 -2 76 7 36 2 58 62 70 15 46 76 33 59 64 13 48 64 -12 37 30 68 18 55 76 -6 27 45 81 65 84 77 35 24 38 52 74 50 10 20 -5 39 66 76 27 27 51 62 32 67 -8 68 82 81 -5 44 65 -8 18 44 71 40 13 82 41 30 18 31 59 79 45 26 55 33 17 31 2 74 7 -12 25 53 66 33 -15 71 -2 59 10 
11 49 54 37 -15 71 -1 8 15 80 51 26 63 27 14 -1 79 69 58 69 -9 84 0 28 19 46 11 15 1 25 74 55 83 79 84 11 60 -11 26 81 3 68 41 56 -8 16 61 -5 28 9 -7 12 15 62 8 -3 56 16 75 19 47 3 63 -5 69 54 30 66 77 1 -11 59 -14 6 45 68 -2 41 7 38 17 69 56 -7 -7 58 60 43 84 44 45 22 66 -9 40 23 24 -3 40 82 
57 2 -10 67 13 38 -5 23 24 60 67 80 52 33 -10 41 -15 50 78 70 47 14 1 55 57 15 83 18 65 84 49 10 64 23 31 57 27 -11 47 21 26 -2 59 -2 28 1 25 67 27 51 80 8 58 23 34 54 64 34 13 -15 71 71 46 78 40 58 52 32 37 29 36 37 4 80 33 24 74 -15 39 81 36 6 60 6 52 53 30 1 43 4 81 20 46 -1 39 55 75 70 63 56 
41 15 56 19 39 28 14 81 8 -15 1 75 7 57 8 7 -7 33 -13 46 31 13 49 6 -6 -14 -12 49 0 83 10 19 37 20 -15 -7 50 32 26 -14 12 45 67 42 76 82 24 77 10 76 -2 81 3 -15 7 55 76 69 41 44 -4 57 7 30 49 -6 56 52 41 78 65 74 -2 -6 8 -14 28 55 42 40 22 76 67 75 52 72 20 0 83 4 -2 59 81 49 8 -8 59 75 84 3 
25 -12 30 42 1 42 22 50 58 82 33 9 45 11 25 4 13 26 56 33 35 24 14 -6 25 49 34 31 -15 14 43 -13 -7 45 -9 78 57 14 19 51 38 38 36 24 60 72 -14 79 -2 68 19 33 13 11 -6 -14 40 46 8 63 -2 10 23 27 45 68 50 -11 26 19 0 80 20 27 60 12 2 34 48 25 -1 80 12 9 56 67 34 47 49 28 -4 -3 71 13 1 81 -3 75 16 12 
-3 15 53 38 33 84 -15 26 39 55 36 37 53 11 81 21 36 6 78 28 20 16 24 28 67 54 9 13 74 13 68 70 21 8 50 61 -15 15 63 9 36 6 54 20 39 78 72 56 18 26 61 57 33 60 -3 82 78 81 63 33 47 30 52 11 10 -15 50 64 26 55 9 62 11 43 30 49 53 27 66 58 -7 6 1 0 45 14 51 68 -7 -10 35 54 29 74 54 77 4 17 67 67 
54 4 17 77 -13 2 11 45 -4 72 83 -4 17 41 4 31 -5 60 -6 24 58 57 44 66 15 25 28 30 72 -6 -1 31 12 62 41 33 73 71 31 32 51 -9 10 -6 39 9 63 30 59 48 70 78 -12 46 3 -3 73 59 28 22 78 47 -1 24 52 -6 46 6 47 50 40 9 78 30 9 3 70 37 -10 22 33 -7 -10 46 84 -3 76 83 55 57 51 34 44 28 70 -11 39 66 63 -11 
76 -9 47 16 50 64 6 -4 14 33 49 34 54 74 39 2 48 38 43 35 22 57 24 66 60 73 74 43 48 39 -6 6 -8 27 43 34 81 1 34 68 71 -11 27 4 2 41 37 49 7 42 40 69 45 36 49 45 69 -6 53 9 36 10 10 64 52 40 42 19 2 -15 25 8 38 77 -7 41 71 1 8 73 17 31 59 46 8 3 60 19 52 -9 40 16 65 41 18 68 11 59 74 31 
50 -12 -13 -4 70 21 8 31 -1 2 76 23 31 78 71 62 72 28 66 30 7 76 19 72 81 57 63 41 18 33 -7 40 43 82 23 -1 52 25 13 66 69 52 36 2 -8 72 41 -8 12 53 7 75 4 14 62 -12 40 19 -7 68 47 56 69 -11 76 39 82 77 30 42 75 10 10 59 57 38 76 47 49 49 44 12 63 77 67 47 25 48 40 18 23 21 4 74 -6 60 26 63 41 47 
79 42 77 37 24 31 39 17 84 57 63 20 65 79 81 46 -13 36 51 82 27 77 43 31 56 45 14 13 7 -10 -15 -15 32 42 22 62 34 77 54 49 47 37 6 66 50 53 82 18 76 26 6 -13 56 -14 7 -13 -4 15 -8 14 -15 -12 33 -14 23 11 67 71 29 67 10 66 -11 2 83 22 51 69 -13 22 82 71 40 42 64 0 44 32 47 71 47 64 68 26 44 75 7 63 24 -7 
-13 38 -13 -7 63 54 59 65 65 61 -14 42 78 49 54 -7 62 7 82 71 25 57 80 82 75 66 41 -4 72 0 21 63 -9 -5 64 78 84 72 44 79 67 28 7 -15 -5 14 39 28 74 59 21 63 11 25 19 49 38 77 21 -12 67 65 74 57 5 40 26 -8 28 20 6 19 77 34 16 84 -3 72 5 80 69 8 -4 25 8 50 4 64 -3 56 52 75 34 -11 -14 61 70 75 -7 31 
-1 46 -1 17 27 11 79 -6 40 78 46 17 -7 6 49 32 20 18 66 25 9 -3 34 46 12 -14 14 29 5 66 25 17 62 10 29 47 -6 -13 34 28 77 31 47 18 41 1 18 49 43 33 -10 8 4 66 7 73 -2 47 66 61 74 47 13 23 12 56 58 50 65 22 55 57 56 -11 76 67 78 9 52 32 2 45 45 -2 61 22 46 23 54 52 38 62 -14 80 23 20 70 76 -4 17 
73 81 82 10 47 15 -11 58 22 46 63 60 48 -13 84 83 65 56 28 -15 67 57 78 43 27 -1 -15 66 50 14 76 38 60 18 1 39 56 61 25 56 64 56 38 70 30 79 54 -6 -14 30 37 74 58 38 21 62 0 -1 72 41 3 -6 -15 49 52 62 -9 51 14 59 82 68 76 -12 -1 57 54 17 82 36 67 35 -11 -5 34 51 -12 40 42 8 -12 54 62 -11 29 59 13 2 71 47 
14 57 74 76 7 16 68 6 26 50 83 20 65 27 40 75 71 68 56 83 79 54 44 69 33 53 -2 16 -11 28 66 18 6 51 34 32 84 22 74 -8 46 40 26 -1 79 62 45 67 1 77 50 31 74 29 18 37 75 -8 73 43 38 30 68 77 76 22 18 1 79 76 13 48 36 1 -1 33 21 28 2 47 -11 50 -15 0 8 -7 60 71 12 24 50 37 -8 26 36 63 0 -4 65 19 
9 24 -12 -2 -14 -9 46 -11 51 45 5 82 26 72 -4 44 68 70 -13 74 33 -13 49 1 33 6 8 5 80 50 37 61 1 5 1 21 80 24 59 7 2 1 -13 -3 -4 77 2 66 54 16 23 71 81 63 73 80 83 53 14 -9 -13 13 80 80 -5 -10 26 -11 28 23 -15 4 21 13 -12 39 80 82 76 64 46 -12 -8 13 64 22 48 -7 13 51 -5 60 78 55 63 31 44 53 40 -1 
68 63 62 68 1 63 11 81 53 -12 14 -13 1 4 -11 73 54 11 16 33 36 19 -9 16 11 38 70 15 6 65 55 3 35 2 8 -6 8 4 1 18 19 10 28 18 -14 21 11 83 16 62 10 0 11 71 14 84 36 32 9 35 28 -6 -13 76 58 79 64 -13 60 49 71 71 75 43 50 -15 49 56 27 -2 74 55 78 33 6 -10 44 12 0 27 71 8 -9 76 55 -13 -8 82 -11 59 
49 12 35 52 16 69 -1 22 47 -5 7 62 82 54 -9 49 73 -12 0 71 40 -6 70 54 -7 11 17 60 -11 15 65 -8 77 75 13 60 -6 83 16 67 15 20 -9 49 -10 3 7 67 69 77 67 62 -6 -15 72 64 9 67 63 10 29 30 58 13 -6 49 63 56 26 60 -7 36 69 50 25 16 9 30 68 84 65 6 5 1 25 67 62 43 -8 8 22 9 53 63 21 -12 28 9 40 19 
55 30 74 -14 34 -4 -13 82 75 43 3 3 46 81 38 35 -10 62 11 -2 40 -2 -6 55 64 66 26 -10 81 69 39 26 21 68 27 44 13 8 -6 21 57 2 28 1 71 79 -2 32 76 33 13 46 31 70 78 65 27 36 33 66 71 36 61 72 56 30 -1 16 22 65 34 33 82 47 47 29 80 76 84 17 63 64 78 10 17 18 80 53 -3 23 22 37 61 -14 38 78 57 56 -1 43 
53 79 -5 75 39 3 47 13 53 81 -2 42 59 19 71 23 64 36 42 -13 -2 -8 56 66 -12 23 9 23 79 71 52 11 79 26 37 59 46 40 5 82 23 -4 14 78 5 79 76 -11 82 50 73 -9 10 -12 -12 22 71 55 16 44 7 77 31 12 15 50 55 56 17 80 49 78 29 31 41 58 -4 38 33 19 63 22 -11 16 42 41 58 48 38 -14 33 65 19 -5 71 78 -10 27 83 63 
24 25 27 81 19 20 22 2 -7 9 30 65 1 74 6 34 1 29 22 -7 29 20 77 5 25 -7 55 47 75 -3 -13 -5 69 -3 75 78 -6 1 43 56 18 52 78 57 14 32 43 10 51 10 -8 17 65 -7 64 37 -7 60 -14 70 54 0 76 65 50 -6 45 30 24 77 -14 59 21 76 43 -8 54 51 -7 0 20 62 67 51 73 73 46 -8 53 58 -11 65 23 8 21 36 59 34 80 41 
64 16 40 1 46 39 39 81 23 -14 48 47 65 44 -4 0 29 29 83 27 63 41 72 61 23 62 36 69 46 84 73 50 11 81 65 67 31 83 3 70 35 -9 4 -12 70 60 51 43 54 -9 30 53 11 3 67 61 5 60 35 44 29 -8 40 9 39 42 53 32 46 63 58 83 45 53 61 82 9 33 -12 1 43 60 52 75 43 62 -10 5 -3 76 35 32 15 -14 45 75 35 62 4 29 
19 18 50 17 58 24 55 82 28 37 19 1 41 33 49 21 37 45 8 15 76 8 -8 29 9 14 12 80 0 37 17 13 4 2 37 76 -15 20 57 59 58 -9 40 80 34 4 -11 74 65 31 78 77 -7 58 -6 57 10 72 76 27 73 -1 29 -3 -9 50 4 35 18 -7 44 82 64 31 34 78 20 39 11 42 -11 50 44 -9 80 24 37 -10 78 68 34 -3 78 41 48 52 55 50 19 82 
29 24 60 71 68 9 70 10 78 -3 57 27 7 9 66 62 78 40 84 64 69 30 30 9 79 -11 18 7 9 1 38 75 31 59 -11 5 -7 26 4 68 61 70 5 50 38 0 28 69 42 69 0 4 32 66 0 56 21 4 51 46 84 21 68 79 83 47 46 57 16 64 80 82 4 -15 4 58 35 -1 29 2 36 39 57 25 78 0 -8 74 27 78 30 44 48 42 7 5 -11 32 -11 -14 
47 24 -7 57 83 68 38 57 8 30 26 82 36 46 27 68 47 73 81 70 29 36 9 1 25 10 33 -5 34 -5 8 77 57 51 -7 4 55 74 -5 75 64 -3 60 15 67 17 -14 29 40 39 -7 24 40 64 10 11 36 -10 83 41 9 10 -4 5 10 43 46 77 54 59 -2 29 36 -12 24 41 24 46 13 -5 20 4 38 -2 83 -12 26 84 -4 62 9 4 54 -13 17 39 67 78 41 0 
27 11 77 -1 22 8 33 44 -12 -7 57 79 11 -14 81 49 26 26 84 -8 50 -14 54 20 -14 68 75 67 47 18 22 42 -5 18 -6 48 45 75 22 78 14 12 70 80 30 55 73 20 14 0 -14 0 0 7 44 32 32 59 69 36 2 73 48 11 28 33 82 37 25 -10 10 42 34 -4 8 -5 -8 61 56 16 74 61 30 -9 80 83 25 -7 32 35 8 50 9 1 1 54 41 38 44 45 
75 6 38 6 28 65 -5 3 5 74 48 -4 38 61 57 78 54 56 66 -10 71 32 69 75 39 12 15 59 22 54 -10 13 2 53 -2 83 21 76 26 49 38 41 -2 14 23 15 75 61 40 84 19 -8 12 54 -3 -8 60 61 11 60 44 62 26 68 46 81 6 56 80 47 67 61 -10 -6 2 6 19 73 60 63 24 5 24 70 27 72 43 48 0 56 61 23 18 44 33 -1 36 21 26 -15 
49 31 84 62 53 13 76 77 65 18 -4 69 54 9 40 5 36 20 26 9 84 17 29 -8 40 13 59 82 -1 84 77 40 57 13 82 33 79 -7 -8 11 74 -6 30 82 0 66 81 49 36 2 33 -1 -5 48 58 -12 79 18 -8 52 23 0 32 58 71 43 33 73 21 80 37 27 40 49 51 67 32 31 77 65 2 80 25 -1 14 69 50 34 82 38 52 1 -11 48 51 -10 71 39 16 79 
54 70 24 -10 66 28 83 11 13 36 49 54 55 55 -2 17 48 80 -9 32 45 80 66 79 75 52 46 22 18 80 13 34 83 37 14 68 36 41 -14 59 68 1 68 23 -11 -9 48 48 65 1 -14 19 41 58 60 -9 56 -12 49 -14 15 46 70 15 75 6 56 3 11 29 24 79 16 58 60 25 19 52 11 12 65 64 62 77 49 79 68 36 61 80 43 83 42 52 8 -15 -10 53 21 50 
62 36 28 30 37 -9 35 47 62 67 58 55 5 -14 65 62 65 51 22 0 20 4 1 25 27 76 19 1 20 -1 64 31 74 3 3 29 75 -4 27 -10 52 30 -2 42 4 61 -7 33 -3 82 -4 -5 56 80 16 -5 75 29 58 79 14 18 60 47 73 0 22 15 67 53 18 -10 32 35 7 36 14 38 32 -5 -6 76 29 58 22 12 61 54 69 19 59 -14 51 -5 2 1 69 69 -10 21 
44 -6 12 26 -10 8 1 51 8 78 52 56 19 73 32 81 28 56 71 65 70 -10 52 19 39 3 42 41 78 80 58 34 35 27 3 50 -5 7 28 59 -7 27 14 67 13 41 18 47 84 81 29 37 17 82 38 -3 47 61 80 57 62 35 37 67 -10 49 -3 24 -11 54 43 61 33 11 -7 20 27 52 39 32 -10 69 38 82 26 36 57 29 38 0 3 7 31 5 82 56 31 66 -4 13 
31 75 4 9 25 73 23 13 57 6 15 66 44 57 23 55 61 -10 17 14 4 74 53 27 68 22 46 60 66 72 46 28 54 -11 69 82 56 69 -14 15 11 72 33 39 72 -6 -8 16 27 81 29 45 30 14 24 -6 6 53 53 31 1 73 52 14 4 52 35 17 42 74 19 44 78 48 -9 63 26 43 9 71 11 14 42 2 -2 36 -3 -8 20 0 67 11 38 59 37 -2 72 16 33 73 
64 78 82 84 53 -1 79 75 -12 19 26 25 73 23 72 56 19 67 3 76 -6 58 51 -3 73 69 11 6 59 33 37 67 60 52 83 31 80 -10 34 2 0 52 74 65 58 46 75 4 -6 57 0 10 -4 -9 39 80 -8 22 68 42 48 -13 81 75 1 84 53 84 12 52 24 30 69 -11 46 12 49 45 75 -3 25 65 -9 36 35 63 33 5 -15 24 25 20 27 -6 10 28 80 42 41 19 
48 76 20 64 -8 53 50 1 78 58 64 16 3 3 71 63 -2 35 10 11 63 58 -14 -11 68 70 68 14 23 78 52 53 32 28 32 42 -4 58 82 34 22 80 5 -8 53 32 -15 46 18 1 78 -8 35 60 3 76 20 63 71 14 49 -8 71 10 -15 -1 70 16 37 -5 -10 59 32 42 35 18 53 58 1 11 74 18 -15 32 36 78 19 46 6 54 71 64 6 37 13 53 74 48 51 69 
32 72 41 29 40 74 -14 77 53 38 34 26 18 14 46 77 30 12 64 42 66 21 -13 59 35 75 69 19 43 33 -9 38 59 77 -8 4 59 71 2 74 57 48 62 32 -14 46 14 -12 77 10 84 74 49 73 80 52 7 55 58 -13 48 77 46 51 -7 19 84 19 39 61 55 73 31 41 39 45 -9 36 13 59 -2 68 48 34 82 -9 74 82 55 74 45 78 58 4 39 -5 31 84 10 83 
51 36 60 29 41 23 78 -12 20 74 35 70 40 66 76 15 69 49 37 18 1 42 22 16 84 34 31 10 7 41 -15 43 36 -12 -1 19 43 80 79 58 41 47 8 61 48 33 75 -11 27 21 33 48 71 57 29 4 51 55 -14 34 8 78 44 24 52 9 -10 78 19 14 26 -10 71 6 64 59 -8 11 75 63 19 82 1 55 12 26 -6 46 57 20 72 -12 22 64 6 58 -2 55 21 35 
-13 43 22 65 -4 73 6 16 6 25 -14 -10 17 71 47 8 69 76 -4 59 21 79 57 55 30 13 44 12 54 15 18 70 55 2 -7 34 55 -1 71 77 -14 20 77 -7 38 26 13 70 81 81 41 67 64 17 49 72 71 -5 -14 -2 9 43 76 26 21 71 17 -10 -7 32 35 78 50 18 68 5 13 18 48 62 48 0 11 65 24 51 55 70 17 -12 12 6 -2 60 26 31 55 49 55 65 
4 -13 42 74 20 25 31 -3 14 51 31 -9 -1 37 83 22 80 -5 -8 3 65 58 22 57 69 19 69 78 48 18 27 34 23 82 71 82 40 64 -7 -14 61 25 52 26 57 80 16 49 60 63 72 47 10 84 -1 22 11 70 9 43 53 73 68 78 67 -4 76 73 16 70 0 -12 51 8 65 -10 74 1 24 -1 33 69 51 71 4 61 52 38 -5 63 -14 -3 21 58 4 84 27 74 43 12 
50 65 50 34 59 68 -4 0 -6 52 73 64 50 -9 81 -1 63 35 73 56 33 49 11 33 -8 69 41 17 7 62 29 -14 73 84 28 57 38 69 38 -4 62 1 16 75 35 7 -11 82 32 65 6 -2 54 75 -2 70 74 15 44 44 59 69 -6 72 10 11 41 0 -13 76 26 37 45 0 61 41 28 27 36 25 51 -9 83 56 25 55 -3 49 68 -14 29 10 8 7 33 74 12 46 15 12 
46 19 59 80 8 81 64 73 78 -6 54 59 50 41 -9 39 30 36 -7 70 33 -9 32 66 61 49 16 15 27 5 -8 52 71 59 76 68 41 -8 41 28 49 48 11 73 27 19 -1 -13 62 30 78 20 25 -14 40 37 34 69 9 80 63 52 74 49 -5 -7 -13 70 66 34 -13 33 43 -3 79 43 37 81 0 19 -9 45 75 47 -3 44 -2 55 56 40 21 76 61 67 75 75 61 79 66 77 
31 49 55 25 46 45 -3 40 64 67 3 60 68 61 50 24 -8 19 -2 59 34 3 -8 32 16 47 -1 41 57 11 61 6 78 3 53 47 21 32 43 56 -11 62 75 9 -14 18 65 43 54 81 -8 30 84 -7 2 39 57 2 8 35 52 47 58 65 81 38 69 48 41 -6 31 8 19 36 -1 7 19 24 25 -9 16 48 12 -13 39 13 66 74 70 25 8 51 21 77 76 49 4 16 83 -12 
24 35 78 4 23 6 78 34 50 19 34 77 9 -10 46 27 70 1 70 40 73 29 65 -14 56 24 38 14 41 44 58 30 68 55 71 75 63 41 69 9 7 76 0 69 57 22 69 17 -3 56 68 66 10 68 29 19 57 76 37 5 82 81 47 15 13 23 32 78 33 23 48 28 -1 -3 34 22 81 44 42 34 -15 46 -15 68 19 52 1 27 37 20 5 26 10 69 18 54 13 37 55 25 
53 50 47 61 9 55 -14 84 28 3 13 -6 40 2 49 53 70 3 40 5 -12 78 38 0 6 27 31 0 66 63 70 51 1 37 82 49 1 19 38 -4 6 65 14 20 -15 -10 23 54 -10 59 -12 79 8 65 75 16 73 63 -6 16 80 31 75 84 -9 11 20 79 16 -13 79 18 55 41 65 45 17 73 77 -6 36 75 7 53 15 69 53 78 47 -3 39 3 9 71 38 45 26 54 18 36 
