100
200561 192135 191050 172319 156432 179199 173075 189029 210229 226679 186816 192861 181414 174089 196127 221845 187727 194001 178634 192759 188454 193573 193851 195643 211380 194554 214528 168369 172312 201229 188684 198454 192201 181723 185758 227423 202716 203513 183866 226000 169165 194498 179735 176157 179468 194147 180653 220248 208297 215576 184438 177036 172809 194720 178863 184707 203146 198238 187338 218431 184568 174147 216828 176615 202328 193420 189585 216805 180351 190521 167811 229445 165465 186701 208710 189288 202841 221133 194663 206856 201442 200426 164587 178444 206481 193636 195426 209022 204123 208944 182728 211162 175528 224791 172053 189666 213853 238081 205584 196389 
203196 193340 201603 198707 176303 187582 162174 173752 200890 215784 202222 198139 181476 198639 206439 227736 193272 212612 190206 201753 194521 211575 206466 212134 217324 181611 211162 182555 187018 202079 181358 194394 201311 205077 178686 240556 195126 205183 184126 246145 183206 203532 191112 200340 188435 216107 197873 209592 230344 218257 187939 199292 192061 211623 187662 207021 207708 204988 193359 214166 208011 188955 213565 187751 194995 201082 198256 226468 172327 204034 184492 241245 168763 177059 215252 207885 204940 210705 202081 209078 199112 193304 165153 198796 224055 208434 207450 219334 198709 207794 190307 212773 178740 213396 181976 208410 218642 229767 214862 205466 
238618 220823 207221 213098 169925 206424 193207 192853 225737 227533 234526 185507 195055 196870 210742 249450 193191 217143 194859 233687 203521 231221 195563 204714 235010 173141 224294 178156 188743 217138 212198 201493 199952 204879 215101 232414 211159 203901 194344 223003 191344 211560 201240 199226 223257 213253 188004 232558 219429 239019 180845 190814 179902 242958 194672 211735 226814 205128 221418 214486 216531 198687 231409 209908 203068 217007 210033 224542 199137 190094 194632 234979 184142 195514 227656 207373 224237 236317 201562 215810 212824 207396 181951 192556 215575 198860 223631 227902 210348 215448 212049 227716 187922 238125 195883 213381 243287 256834 211251 213975 
230152 201977 203857 193291 167539 213131 167056 188486 247003 232195 217575 203938 188772 200397 211186 227864 201830 211202 182382 207565 189137 221111 188397 220812 220869 190833 230188 171190 183272 194003 206303 198650 195259 211447 207591 239309 208069 215441 198427 262636 180926 206673 199142 199122 186764 218591 205166 212734 232732 229603 196587 206007 191890 203788 185983 192722 231192 213134 182909 227032 208463 211101 225354 199817 215479 196696 219162 239236 197612 198368 193477 227207 188757 195548 237870 204025 203815 217707 204362 203274 196545 201211 182088 199309 217154 203000 211339 247814 216674 210028 200990 225098 188697 243018 194101 207475 212797 247782 218251 222588 
229203 212661 220783 211268 169876 197401 199662 171336 227458 227625 216331 206332 197156 193675 214822 230579 202598 226357 198305 209953 190914 219492 208482 204583 225475 198105 215970 182042 194183 198403 214354 194121 200085 200717 215483 243113 217226 223999 199119 247807 190369 206617 214497 206724 210260 219862 200146 240101 233394 240088 190415 195686 188494 219175 183976 200006 216396 195719 205374 211088 195873 201702 239233 208571 214947 206677 216122 233488 193333 210174 171781 237971 175183 194093 230310 205989 205642 235821 204040 225579 223488 212052 194131 209353 209216 208283 224016 220348 208910 209132 196312 240440 199135 241597 190852 200663 223498 240978 227521 216978 
193928 191742 197244 187797 154679 184427 158143 186956 198173 224561 192146 198828 182241 168901 195170 226091 183542 203897 175034 181610 200152 196143 195115 194031 207120 186887 203596 170274 181784 197025 183950 189499 203115 187304 185326 222260 200652 199865 159549 232283 192478 173841 185817 194055 184529 193856 180515 210709 204830 201129 183510 180048 167204 188990 152564 186629 202578 202568 189767 211546 187745 192213 199162 191254 192098 183838 188449 221279 182295 197612 185351 236942 176647 158860 207229 179919 193815 211555 185462 192565 187271 196887 173348 180614 203586 185930 203872 221916 205515 203392 177171 209778 165768 209018 173182 203044 207613 231732 206386 197019 
219909 210385 215440 189533 171958 197336 181471 209156 220260 217182 210917 197129 184039 186221 205057 225349 199187 231162 200936 210631 195118 220291 202274 204886 209376 191882 225339 180341 184997 218041 213947 191167 202721 204640 207657 235956 214034 211769 189879 238646 198658 197916 207025 208662 192009 222619 211686 220282 225335 222200 195514 201299 188063 227706 194606 197768 221257 213645 214841 214941 202829 208777 220218 193428 204260 219339 208793 235571 188136 212552 200223 231400 188868 176713 249928 208710 209450 223851 207603 220379 219745 210314 184458 191074 220081 201076 212089 219567 218177 209456 199619 215261 192219 222098 183702 209146 225172 247540 216395 225888 
213331 202317 207003 210235 158637 197901 174409 186817 211840 226208 180204 185882 187064 190418 204734 224266 181402 193806 187671 181500 198489 200031 189675 193856 211512 185380 233416 176929 189183 206739 195539 191566 185422 179667 208799 224635 208613 188713 185475 219253 158192 192008 194101 173223 194245 215362 182019 221596 209355 215458 202591 188462 176236 210859 184823 193164 213866 196661 189209 223946 206299 192083 225189 185960 199688 201572 191994 207272 171264 198473 178076 225819 167957 195145 223685 195680 196131 213644 193786 197378 187127 202369 174867 200878 205482 203111 206865 226372 191186 208908 195487 202291 168774 231298 184025 197270 205775 244860 210285 224407 
179828 179595 176311 177357 147528 173120 151385 172171 193266 211938 183765 170855 172147 173403 185865 201740 176340 181649 163580 184526 170643 201126 168698 184970 193815 178918 209353 141905 177742 184256 170423 176977 167731 169938 177744 204643 189418 173972 171880 216246 160376 174745 167415 164103 175414 181751 172268 215455 196720 192741 180887 172473 164066 197959 160014 192421 185868 176097 173277 191780 198470 179724 202915 180533 171607 175134 164389 197930 160255 184894 164292 208991 176745 169672 201176 174793 186534 202688 165677 199020 179946 173008 162189 179170 182143 167851 194513 213630 183785 184568 175387 191367 152268 209682 170093 185168 195627 216632 185161 193391 
224646 209966 205587 196988 165878 218457 181691 198166 221029 229429 208098 205414 200176 205648 219213 230151 197293 216038 192370 201765 201118 218532 194847 224165 221496 201402 238253 187574 217147 221821 207449 207597 197880 197668 198601 235019 225120 205176 195425 259052 201679 194360 206873 202660 198390 227110 206083 240210 233017 238464 193701 195163 193817 219639 197338 208006 226769 211659 193563 228690 212194 214572 234848 205383 212513 200597 216983 247781 191720 212977 192242 239143 200850 187664 257975 202817 234165 236110 198260 229520 219006 209767 207455 214356 221885 205785 226490 231599 209812 212609 204010 218179 176976 251549 195130 207382 231812 263949 232463 214915 
219150 204912 201474 210421 159811 182812 182419 185485 222466 227032 186646 203268 193881 178753 207157 224812 203443 207286 171969 191231 182414 203721 177735 187273 204579 192281 199334 159639 175424 197240 202415 179765 201513 175786 203485 223598 209203 181404 188341 211079 186626 198932 192912 177741 197080 213272 177948 219045 207637 207429 186761 181813 182447 200537 179893 200589 205716 199488 176507 203833 203080 191117 220381 191413 187930 180697 196154 216817 181375 216031 167034 219778 187221 176816 220686 209869 209279 208462 196900 198798 198554 213345 164129 163630 188053 192443 211633 215798 200404 193456 183354 209163 167127 222444 177110 194489 224544 238199 202507 207680 
207383 211754 199574 200183 159268 177913 173628 201138 226855 212711 199397 204617 189101 183399 202044 232947 188091 210230 186138 198947 199299 191451 191191 201411 222090 197347 213720 179074 187653 211691 201185 197553 197423 202116 198953 233019 199089 193165 189408 248729 177951 205608 186537 206449 196810 221224 191456 213162 236938 215477 189687 195568 182476 210542 193221 201877 207390 207423 195555 217620 215259 192605 213103 197756 198874 200728 195331 227111 186216 202727 189677 241650 180749 186358 219834 208175 218609 222046 197893 198332 194524 210795 172051 190299 221575 190417 222836 222911 208733 211187 180513 221826 186686 219321 191698 214709 214151 239895 211530 215201 
231715 208409 224552 226153 172390 207348 187651 192720 221969 234544 227507 201965 213413 204733 228758 228467 193057 211918 197419 199395 200638 218028 194213 218241 236668 203303 227786 196889 210560 215434 210758 190851 198928 197271 221624 262210 220570 220313 196397 235300 194434 212450 220974 225395 216739 235508 215528 237680 246888 230018 213039 200841 193797 232782 199757 201823 222172 224895 200713 238203 222838 219974 230468 200261 208854 218471 214979 239027 196290 220698 180480 228391 198255 200327 247763 211533 232237 226898 213391 231356 221118 210476 185806 200894 224278 219809 232297 232427 219890 210299 203190 224653 183049 232064 190356 225729 240628 265890 226085 230472 
224634 215218 216966 203834 167275 207280 175669 197883 212700 222500 197892 214311 196876 203462 210933 242947 199182 211458 197306 208724 209602 214182 205416 195585 220988 202811 218028 198980 182962 217272 204655 197724 211033 194772 209733 230148 222273 208244 183009 229315 184228 207459 199089 203414 206269 218371 188499 235182 214363 233680 199783 191522 187298 218722 193750 207713 211169 207786 181201 225992 207840 192523 223693 207220 199850 207747 199138 226325 188093 221725 181135 233688 171669 189750 227853 198726 220104 217299 200419 218360 202440 211407 193688 195332 216767 206975 219951 210275 207332 211918 206555 219079 189879 217656 180809 198113 221516 265093 225404 219582 
220199 220876 228424 214261 180912 214023 196127 195588 247933 244602 230431 216863 210664 205195 232769 260403 194537 224145 201301 220824 207202 224399 206338 219789 230116 217628 233425 193978 209512 211706 233015 217850 199990 215923 227270 256217 229318 210642 226491 251905 212601 223466 210768 206769 217085 237854 201836 251973 228621 242617 217939 213402 198133 235304 200910 230668 225091 228610 214782 233116 220811 206969 257731 220661 235905 197755 238810 251003 203795 203793 198331 238465 179358 223640 258959 214202 231879 253197 204515 234227 220585 230060 197922 201166 232457 210868 243522 236383 224714 229917 213578 252118 202931 254802 210700 223884 223292 272265 242694 238267 
235882 224751 230699 230129 185662 219055 209741 216095 245268 245328 221020 216918 207277 205937 229585 264848 215668 226122 209707 231124 212947 243609 222767 229503 238171 204756 251061 196727 216282 225022 236089 220203 229722 215050 226841 261161 234831 228923 205347 242911 200818 224219 226450 223161 223652 237426 207875 251503 239460 256590 216644 212257 189834 248527 207420 240584 224374 234717 229091 244655 216885 220170 257253 228284 212149 225771 222789 238979 210643 223894 202162 258902 203591 207368 247410 207511 236473 258006 220778 231418 234427 233211 204174 216258 232118 231026 232807 236880 233413 221943 223693 254286 199308 253913 199265 219403 252601 284115 239076 243398 
227166 226515 228070 216191 174972 211435 205863 207039 233390 238063 204100 230354 203418 219450 230929 247275 209240 223673 192367 212457 201458 237772 222187 208290 234701 205562 234364 192564 190389 223025 210394 213228 215886 200869 228671 261428 226652 211766 209708 241674 193731 232128 222268 218921 223554 225709 202461 248282 220599 239353 213589 200822 189690 217621 189775 201862 227483 229394 217531 240860 207432 204095 264588 209039 210097 212328 217316 257257 196941 226847 193688 252973 181962 195605 248110 199102 206979 240595 206936 227355 230259 229731 194787 213811 221822 218475 226944 221421 222155 212809 214788 239889 192151 238068 195157 221172 232077 266170 245140 235849 
230578 222495 222719 225328 200575 208430 196893 195873 227424 239278 215042 225241 202508 185672 240948 236286 206558 232955 201442 192388 219086 232683 211146 217095 244936 219200 232293 202542 213113 224467 217298 208023 194742 209996 217417 255685 224961 217753 209532 257784 208649 199736 216319 217954 215179 243584 211981 233369 234386 242064 208302 207385 194305 232498 200695 192350 236810 232598 212971 232128 239008 214283 242177 209750 225212 202514 206690 251450 196198 223581 193722 238396 199202 210705 264844 228328 229950 228664 206752 223515 207142 231573 192678 220640 238877 248251 232857 239388 214696 227635 214013 233164 195097 235785 181483 227533 241404 260970 227608 234740 
216462 225646 214203 207069 166168 196259 199466 180795 234316 239367 204178 193663 211380 223402 215006 230970 192551 225782 182143 218172 179548 242309 218230 224465 231173 208869 216809 174387 205007 211502 192611 195262 207609 197508 230971 246049 225248 220489 204892 250433 188387 224652 217455 201569 203229 225380 207856 231685 240585 223249 190841 200968 205861 204572 202003 194071 219965 204728 194710 230548 207829 201801 242372 197295 205311 218494 200080 240718 187419 210328 181670 232848 185052 196780 245853 204697 212882 236401 199183 215671 210648 207900 181964 215329 213298 200282 231364 228668 218345 212036 211218 231386 185708 242701 179569 207500 234677 241565 236810 226815 
230655 224888 226059 210995 182905 219021 193997 205146 221440 243079 214180 211865 208893 190607 225501 257457 199784 217570 202004 222331 210129 243238 222214 211318 238378 203637 208172 188534 192989 217749 212679 208806 208597 211596 220929 258366 219227 211662 204663 240958 204877 214718 209686 204912 221699 215765 207905 252610 219581 253942 198539 207108 187560 216837 189002 208675 221176 211514 197946 228718 217259 199048 249136 199777 216193 217250 210358 254466 187349 197281 194284 245981 179017 195423 261860 212008 213164 244821 203933 232048 216333 220341 189555 218963 222945 213700 220561 231688 211273 230744 216028 228448 191891 241026 192047 223091 238552 265449 228440 222016 
226572 205219 219714 227630 190247 192222 197670 188114 217848 229041 213175 210673 194841 204394 235607 248386 223622 210503 188203 199754 205110 227647 214545 209387 237498 212234 234363 192221 202275 221306 201993 205748 201406 187088 219132 247184 221196 218562 205211 251095 196281 199825 195135 213252 204650 221074 202748 243121 219843 226600 211876 205023 190129 223182 196880 205387 211092 220968 205585 210685 215654 205274 233847 213967 200320 202316 215402 236861 181622 225270 190561 242369 190998 200597 237394 208925 221688 222134 207267 219343 219855 226521 182257 209562 219302 215516 220222 226222 210742 214464 211033 222053 185664 231854 187076 228734 212708 255037 212193 217638 
217113 208574 231316 207272 178072 189739 200266 196166 245142 221347 201471 203180 188560 190497 227729 232356 188304 206692 183466 191082 192315 222132 188603 196746 222506 194871 236275 175636 201922 199217 213225 203192 188436 196563 209188 237213 232357 202431 198279 243498 187806 223789 214016 196300 209794 221293 194596 220273 224775 215276 207666 198481 185140 213572 187000 195759 215404 216271 210907 226852 201204 187858 251922 197561 210324 200543 208845 240429 200817 203993 177237 234486 179120 191679 248134 216464 206359 229497 210278 202514 213680 222420 176062 187318 221080 206302 216771 232457 219637 220291 183987 216829 182774 224455 170926 222328 218032 242121 201936 215828 
225897 211583 220371 208171 176344 194941 198452 198299 230114 237940 214630 214812 198844 186933 232573 231694 208163 208682 183451 198875 209281 230788 207699 211127 231129 210775 232997 184418 204591 219360 220558 202779 219276 197352 217891 237436 220757 207881 187966 232630 205121 207981 212605 209452 211462 228543 206382 251008 213610 229365 204354 196583 181186 234025 194407 213690 223552 224252 196443 238804 220532 203089 250801 209924 209280 207614 216184 248026 185572 232270 191334 239912 183286 195094 247030 198419 236422 223244 214434 220380 219854 219555 203189 211918 223029 225366 228515 232246 216262 218747 199438 231097 175779 234033 180261 223122 233734 267230 221785 230640 
230110 199394 219749 212647 186340 212994 197562 196535 237606 234145 212444 219152 200308 207495 223355 244711 205868 211662 199533 216460 212981 217976 203635 217612 240898 183254 225940 193046 198595 214952 198731 208951 200325 212863 208607 252621 224915 218099 196973 245690 176931 203318 204155 205624 225885 228716 194817 254841 222660 229267 226046 210933 190055 233333 186789 211194 230487 214508 210225 248218 198872 212007 251560 220915 217281 207961 209582 241243 210194 235125 188493 236947 178419 193842 240104 196396 236197 233492 202184 225718 204166 219271 201828 214775 231186 196929 221547 237081 230461 237268 192084 247334 205697 248051 204589 237303 215693 270422 229174 219232 
243397 232361 232263 219308 185577 214122 190755 196433 254072 250860 229504 220774 213896 208339 238281 258785 209782 234196 203302 215189 206968 243951 201776 220786 245910 207570 239165 180003 215418 219962 228050 208950 198252 218570 225969 260895 214684 213456 211318 252032 200121 220969 217708 211299 225305 224754 221331 236146 247290 257902 216921 205206 215076 253692 192404 212949 246326 222172 205243 241163 236430 218019 250390 217857 232970 199939 206834 253839 206293 218685 193114 234480 191966 218254 239627 221280 232167 249970 201604 228609 218398 215124 198666 206159 226618 213368 240703 259917 227081 227328 220105 243900 196890 255756 217365 228783 236915 264507 251070 244823 
238023 226824 243597 219772 175123 199290 203642 194121 252587 237270 219681 203126 214991 200603 223424 240505 211475 222462 191749 210780 191205 235370 200642 210556 226551 196519 232677 179531 193359 223283 227233 204092 217099 205402 227729 237346 226928 222146 194480 236169 192150 234371 208791 212278 222393 230590 222411 234378 223329 232189 206801 201488 204575 227582 193183 206883 213034 210810 202177 237285 212635 199133 246715 198401 223544 215868 215258 245450 196266 227895 197058 233121 190135 193761 240136 215688 220245 223160 210699 222706 229380 230916 186402 197243 214447 214539 221990 240758 222186 218572 204189 223487 178853 235696 189539 213003 232462 247932 233380 236979 
216138 211978 210342 203426 161503 190902 171056 199100 222184 218067 197564 208805 195969 197657 202721 251775 173799 195391 186521 189391 197185 206089 205381 211543 231791 205628 234157 185168 188317 215819 186864 189173 208483 192031 219923 237339 192973 203359 189836 236239 178448 205294 197130 188563 199035 192712 205735 222791 212937 218251 195268 175283 181776 196596 194444 193953 211020 212454 191583 239193 205369 203207 222039 197008 199754 193585 199657 236224 196390 213057 186128 237448 177043 194663 225413 193877 221975 234806 193208 196026 201551 209713 176837 193331 217563 194521 219821 219855 209233 219517 199560 229991 169957 238786 187520 210535 219003 242490 226001 211700 
197335 192690 194118 192408 162606 198327 176222 191413 215801 207212 186075 201055 195123 184530 204661 209890 195695 201164 188246 198469 198302 195735 190013 187941 201957 203890 216004 175869 166203 189040 209864 180269 182410 176052 188690 215966 215872 197766 189889 220835 190633 182097 180725 184567 182767 205687 192046 221062 197253 220490 193944 160420 176311 203679 165490 202818 196218 206218 193210 219122 201588 189818 219648 186974 209131 187702 199166 224528 178200 201045 173154 221050 173250 168519 226276 193930 194179 204964 173299 198371 199227 191731 167551 177314 198441 196554 191169 212986 186358 197111 180165 202085 170166 211422 173079 209551 212771 243859 206931 200924 
224109 210454 225307 229237 165514 211674 182521 194785 235721 231995 191121 203302 200933 200784 212236 226060 187680 224023 184855 199820 190583 203891 191628 206532 219538 197585 219543 189775 195963 202114 217508 196867 207057 182227 215128 235065 207856 200256 210734 238700 182474 221764 206269 199403 197834 218652 210680 233772 236210 230460 219686 194147 195435 211760 179363 209995 223436 204103 201232 232288 215052 192421 230978 204541 215753 212411 205078 227168 189485 223354 183053 242875 189718 189024 235220 207817 223409 219271 202415 221837 201111 214810 172086 184791 215815 205294 217965 228825 222369 189963 201235 223067 192187 243714 192736 208407 226142 259711 237093 226563 
220017 212193 216051 216706 169566 210750 184502 198204 236152 222737 195386 209068 196602 199908 213506 248652 214442 202419 188802 197293 206397 214680 203276 202025 218826 200287 256185 194227 193887 211031 208591 195634 204638 190888 212432 234370 221098 207939 197901 255156 187036 213095 196847 203854 190923 202918 198734 231097 227452 239706 206152 178430 193184 212392 195826 201169 223563 206168 195604 243005 208577 200150 240078 201969 227879 210162 200776 234804 191095 208155 181823 244449 188694 191764 243941 197911 218796 226832 198685 210258 211413 220318 209685 196504 223350 215830 223555 248041 218076 218832 195388 214161 176792 249305 190260 213739 235858 249275 230456 231572 
221415 212810 212635 205115 160119 196577 182721 190711 222003 239013 213117 200261 191341 194311 205725 225560 184587 219633 181010 198998 189676 232960 188810 213333 216926 202313 223590 165585 179836 200990 204559 187812 199576 197223 200117 236428 214311 212901 191100 236873 187937 207754 201073 192926 197861 208633 205087 220084 223625 214914 195202 189175 182338 213590 166800 193574 202850 201008 200708 224837 211281 190565 223179 200177 199388 206156 192182 229120 198070 203985 173240 214966 180570 184490 236505 200177 217005 232468 201607 215196 199562 202866 175002 192735 210756 187444 218209 223369 205899 219700 213585 233425 184785 226858 189326 204137 223068 240617 216409 201308 
212928 195101 201592 193954 182131 210177 175004 193430 233798 226261 202675 184768 192042 186112 203855 220396 194948 205681 203540 204400 182232 225913 184421 205347 221943 193661 235480 159687 189826 212935 197147 195085 198196 193213 187339 222030 207037 198197 174789 241125 197072 193417 189701 184230 186666 203861 190126 226744 217950 219050 175638 177902 182946 224074 190970 189737 222345 186712 205606 220124 210498 189976 228528 193114 214009 213060 195840 219788 189399 198536 189224 235283 174447 188584 247071 201426 215560 217064 181624 208539 208796 210535 202698 193461 213603 201977 217825 241627 212847 210986 198016 209613 172767 224795 177624 212442 210569 245370 189685 207382 
205899 210362 196127 188582 171946 195706 170018 184536 211307 215408 196904 188093 184338 177020 197266 223794 182346 203688 181190 193279 176035 209247 172213 203413 224652 199230 217830 160949 190499 200748 195698 209706 183096 194102 194182 219031 195355 200975 179793 230252 172238 202066 195565 176067 199309 207991 169263 209191 208057 213574 205133 201032 173391 207907 170867 184759 213078 199231 196214 206932 205432 192259 217981 176713 192345 199361 193817 217600 187291 202282 175232 208864 175264 197922 220647 205678 200775 222619 175270 218620 191482 202187 169627 192032 192431 192090 206485 223032 200218 207855 190416 207594 187399 224903 174364 190492 211113 248626 215743 224108 
220689 207333 217244 192484 172068 179904 185093 164962 214584 218972 210382 201482 185426 194731 220452 218554 212027 211740 187222 197124 207717 212291 206934 221784 242016 192665 218732 179345 184794 203197 194429 190998 213538 203097 193845 236501 207610 209876 193063 231648 189179 200324 198364 199276 210238 228802 193748 209951 213149 223151 197688 187361 195178 209499 188372 183218 215331 200856 181600 222168 205587 205146 236316 182390 212514 189050 195710 226946 181981 216947 183464 226370 178442 184409 222413 190151 224008 202190 203369 216405 214626 211062 189589 210759 204944 218954 216273 218074 211448 209601 178310 218156 176282 235638 177021 208514 216179 241203 231982 216191 
211429 190201 216233 212098 177269 209966 188413 186578 234889 224850 194020 196008 182661 189188 211730 248241 194226 212457 195186 202832 184323 216565 201536 208306 239200 207118 222783 185162 188052 188407 190541 205901 190173 182748 198332 233105 198692 216233 184137 257265 180984 206864 199560 213509 217325 206967 199692 217432 223006 228675 210869 198577 181235 216747 199174 201892 209746 207005 191348 228156 194359 205743 215089 197345 209621 205402 207786 235753 189269 201086 185184 235622 185779 193793 245551 200316 215119 225703 192048 222662 219072 209326 184421 194668 219771 203586 204791 231327 218171 216748 216639 240163 181858 246049 184636 208542 218236 267258 217517 236180 
235819 210764 222818 219629 174431 219755 195561 198742 241604 237989 216976 205566 218177 215431 216831 243153 219684 224543 215544 222329 210683 242827 200005 223651 245765 209158 251507 177140 210240 225295 218904 222879 201592 220231 223780 239144 227342 221301 187160 259659 185155 211640 207292 194885 214235 232369 203863 235915 237144 223693 197814 203337 194246 244531 206434 199979 232346 209058 202321 233580 225371 211434 251382 219026 212051 218077 213082 230146 193297 227040 194147 244884 196061 197191 250773 214145 229185 246246 203753 227105 214243 220086 193909 214194 220008 216229 221233 252681 215836 233445 206622 230335 184821 252118 201499 232672 249428 276572 221942 242958 
209461 225991 207409 220839 176383 225508 185211 195001 239988 230976 192687 213294 197757 205027 213440 249439 219844 215102 193178 212726 207120 229810 210995 219085 240227 206303 243395 178876 199162 219732 217706 215799 219607 188613 208103 243102 215164 201387 204661 251755 187714 211941 201423 190891 190755 208856 191900 231721 232858 243472 198884 200983 196338 225663 193035 201348 220534 208966 220612 236417 215957 194189 246777 214366 223943 196621 211411 240904 188999 218333 194097 256424 191659 211329 242311 208255 214078 226420 204700 215744 213910 220360 177551 213784 213485 219249 212537 240689 221246 207385 201301 228712 182155 244054 188306 202664 231495 250864 221046 229031 
215436 195746 189096 189608 156549 179550 181252 177605 215626 218810 192345 191059 183718 186727 208068 219356 172920 204073 179537 189318 188682 184629 174212 194183 223610 180161 218412 179434 194954 208818 196570 208919 184764 189259 181231 231860 200520 201817 179883 232001 163095 185770 206538 189145 182834 219883 167330 215781 227433 210997 195759 181834 176731 213693 176113 186159 209483 199089 186909 204049 177168 181467 211854 184847 192884 194674 196391 208473 177974 194024 163143 235902 154914 188429 218977 187365 200699 207611 201707 208142 208949 205058 176446 189246 214841 193410 207467 196388 196577 206037 192269 213760 175686 213237 178737 191560 220517 238330 200615 227044 
221356 202539 208917 199489 172625 175539 174896 184999 210751 213236 190320 205341 199362 189115 202358 207216 186228 204249 177652 183076 176138 207975 189894 202188 203118 189945 211097 166291 174796 198394 199382 186076 205633 192423 195602 219584 219501 187849 175869 216273 178254 196015 192701 194189 198724 223311 185838 205074 212734 207272 176212 184543 174396 188239 193361 181068 209983 199741 178525 215695 196162 176305 227223 189794 192813 187053 181931 218961 163958 215731 160197 210718 180879 175297 223155 202520 200318 223168 186416 199309 196323 215218 177913 181158 202918 205439 201402 207852 195522 196441 175925 210139 180839 213953 173740 198857 230816 235425 218692 207067 
210326 196844 205935 199122 179459 203507 174160 197561 215938 227385 190919 202348 196903 186151 219448 227996 204725 213991 180763 197433 202469 212744 198609 196125 210468 201313 202021 173045 189617 209524 192326 198131 182852 188600 198417 229894 217376 194755 189715 242994 175279 179609 187710 194029 202967 212837 198800 227140 226675 220295 186202 191027 188827 213408 179827 203194 221371 202162 205364 216542 200142 208901 221970 191249 194560 202277 190750 232448 196452 203740 182467 237463 186060 179072 237352 217774 199133 221477 190367 208964 192231 204857 162454 173144 206317 206494 212982 233198 197493 210254 195322 219366 174918 214588 195232 224029 221288 240962 206310 209767 
219727 206178 215668 209871 187594 202299 185633 184983 225320 239929 220512 214210 189363 207268 226355 241735 209593 206696 210838 202704 217957 229520 212201 217048 242639 214211 230107 175752 180635 213826 191896 203585 209988 203857 207802 254079 212551 225364 196906 247210 197712 231298 205870 205538 211740 224782 202374 227877 216581 217492 196639 209075 196466 223352 194068 193960 222309 228750 197951 237027 223880 221286 235936 205958 202333 196542 208495 234813 194852 222689 199588 230778 184628 194161 237092 222883 231763 215959 214247 219647 200499 221096 175246 202126 218063 211958 215504 242030 212348 214448 206313 247518 177319 241487 182242 218390 242495 257505 230013 217276 
228686 203895 208174 186224 178720 191893 177052 195795 222265 214464 190552 192435 196312 191792 219532 228267 182874 208262 183885 199770 206756 205799 195886 219060 228894 205142 225725 186467 200678 189933 197264 203629 193561 205778 178848 224493 214710 213864 192996 256512 179746 199353 197516 190550 192175 219777 193581 215113 233258 222371 203749 194502 184931 210525 188562 209280 229716 199950 190795 207181 208666 207883 231711 201668 209224 187342 211714 219246 186564 195585 186407 239566 171465 200070 230964 219813 213452 228685 189247 226967 215379 210109 176282 206246 213054 212254 213269 224609 215200 220330 197755 225108 188913 246106 195043 194454 217593 254621 224883 215041 
237581 238070 236062 222574 176235 229636 209108 221761 256621 257832 222377 222401 232227 231032 218247 269099 219498 234545 207841 227671 226908 240941 218835 232246 242861 217464 251611 195766 226790 238393 241272 219833 227951 212038 238090 272614 233669 223153 215122 262319 213642 219631 221820 214468 204392 239087 210824 262408 248855 254365 232552 221396 205987 240247 212687 223788 241679 242108 217461 245128 225393 213181 277947 226091 219382 215228 210212 248997 212355 220859 210938 263119 204729 211870 262225 220946 231225 250488 227554 253412 228475 230880 207597 222837 228138 234538 242808 257482 231538 225327 229181 251711 200063 267188 204962 238891 246907 270955 238811 250450 
224672 214605 220050 218073 176139 213470 185273 194983 234703 254317 204918 213948 208022 207168 232339 242714 195827 221564 190859 223896 203722 234880 204205 226593 241557 215461 238759 192585 202241 214405 201658 209418 207385 214790 204465 238724 217756 225043 208742 257050 187198 207526 206276 212116 206604 231406 214216 239523 250083 248732 208019 195571 196955 228066 203767 214094 236956 223074 176940 223827 207938 223902 233079 215104 217881 206515 209026 241017 185202 224094 187228 245950 178447 202358 260072 205005 219501 232176 218808 240743 224074 221265 195435 219541 229321 224973 231118 240577 223264 220850 217751 236637 185618 254159 189652 224680 224472 271089 234882 234764 
226794 204622 195635 202920 180657 206645 177820 197853 223942 229539 198395 205408 195631 201676 214031 238970 195036 213455 184356 212246 197919 220863 206868 215743 237795 184207 231840 180825 206206 196650 187316 210351 200460 199919 207636 246308 204801 208795 187676 249742 182752 195274 196279 192194 214005 209493 188767 216544 218563 232993 195856 200835 179487 213351 187241 196628 219996 201839 202217 221088 211280 205212 224189 199092 197791 208828 202386 233995 189308 212970 197740 238439 171358 206123 224927 210103 214383 227916 198545 219279 211178 183237 174543 197492 217967 210208 203938 223666 202748 213010 207247 217025 192103 235284 194247 220222 228480 253951 220037 218081 
227839 220265 204598 200537 178526 187686 183772 206141 225817 243803 207036 199775 200277 203833 218922 237647 188062 212445 184735 180190 199089 220400 200127 220001 221431 204688 232524 184065 189616 230673 198960 194192 210268 194609 214420 238017 224529 216887 191862 243494 194828 217062 192754 198806 201783 225335 201235 235473 231696 212674 203545 192234 192595 206341 186248 201999 222277 207975 193591 231117 223420 207212 233457 195968 200916 212377 191181 225895 193601 215505 197362 227404 188049 195050 234211 220669 230628 236094 198840 214757 207290 219527 184331 206031 208798 216446 217993 224471 210543 213482 202135 227569 186833 230661 186228 207766 225053 250101 222508 196640 
211489 193868 214535 188801 171720 197535 183705 182519 217656 212869 184688 205021 183290 207654 192663 236665 203097 203111 178974 192242 190420 209154 195556 216578 210674 184552 232750 172500 185728 188136 192787 186863 197212 186977 195452 238085 202484 199037 189427 229240 183756 192317 203975 181596 182443 187317 196716 217897 215784 216861 212259 184811 182649 202924 183733 179338 217374 204955 178289 231833 198770 196209 234797 193096 203997 187541 189583 223256 177342 204830 181199 221650 170304 181579 216493 183919 202052 204359 186195 205544 201584 192283 187787 179247 210902 199262 195580 221321 209394 196433 195164 210700 176942 236019 174507 188779 207246 254655 220196 216550 
220341 197401 210713 198497 162861 192468 176170 190606 219025 220982 205918 189064 184449 187607 211822 222744 185627 208213 196075 192687 201211 201851 196066 193145 223683 186832 210925 173677 177209 221903 190359 203287 184463 200985 193274 229335 208823 209669 181884 226319 187353 198437 191662 202082 215994 231132 186695 235058 223151 217095 185585 183742 186368 232275 174167 202505 222471 194181 210068 226169 194361 203163 221603 185862 196879 203810 195182 225686 193653 212808 188303 241103 177369 174114 244942 202023 204708 225458 200556 215115 216268 203081 186605 202929 214879 198524 205545 220414 200979 213410 202238 219855 183440 214038 191833 209768 230152 250082 206812 216465 
218024 201154 215106 206381 182026 202435 186176 187751 233747 240275 207508 204885 194199 189958 222963 238954 201703 207043 193086 211235 187886 219386 194813 205307 237275 186039 230175 185360 190776 223182 207377 199131 212802 194267 202524 235576 215834 207838 190336 219127 181798 207277 198501 194978 202545 212351 204200 250451 222828 236725 203689 204989 188878 240953 186915 198500 234356 209072 200376 226162 196365 214635 234657 207968 218654 208419 192943 229305 199494 216110 194671 225925 174745 189322 230587 199515 220924 218177 207663 229382 193928 227865 192928 200831 213614 213485 222588 239754 229014 207238 209551 221395 182440 245106 186868 202238 214873 256267 212093 224664 
235517 231908 241913 223598 191736 220075 189329 204762 245371 253786 216370 229860 204156 213140 241537 257426 214557 220790 216231 222812 226131 229766 209284 226373 254392 223694 253341 196641 196812 229363 212026 225538 239618 212672 223695 250371 222862 209958 206426 264188 194760 231561 216804 212741 222676 236110 206802 255852 240212 238596 218861 211405 205208 248674 211768 232302 238249 227368 216773 245090 241607 227689 251902 229497 221743 214264 215629 246570 197702 231106 204394 254774 198509 208680 244071 229837 227639 233418 227142 244225 220098 244402 204065 217627 218026 223746 242854 255303 229386 230026 215450 243709 189627 260930 209196 220618 246631 271051 239095 251561 
219858 223990 222173 210613 174514 202196 192927 207482 224328 235601 208875 230481 200966 188920 225451 249886 204746 213730 207041 213874 207035 218437 207404 206879 221836 203352 232361 184960 196027 231634 219062 200055 203657 201697 221369 240292 220214 217537 208326 243938 182341 211646 198723 209553 210188 218365 208805 238501 227402 236942 205824 194689 187161 218452 180335 209432 236337 216786 215671 227113 212632 208397 244112 208222 205103 220483 210155 245819 199739 223110 190267 244987 174837 190445 246284 202333 207101 247036 210763 226163 214811 221836 184348 200734 231549 214683 226706 228632 223959 226953 209528 232734 192468 227389 196508 221160 229352 262236 231370 222052 
237171 214722 228024 198196 180007 198434 196469 195556 241264 227995 200594 216129 206727 208964 222352 246989 209598 210993 177846 208292 203281 224579 204700 213367 229120 194954 219978 185628 197130 226474 215166 204327 201166 200739 215461 239103 223341 205040 205285 231993 189342 214192 196824 199002 214467 228386 199252 222329 230021 230544 203920 207071 189763 205224 187205 202247 224831 206394 202336 237624 210385 194017 252881 196178 211015 203508 203727 240825 190182 215853 189986 231624 186843 189574 229700 205051 243793 227939 206218 212941 203063 218306 199248 191451 219840 211982 205797 229621 221755 202794 203924 231861 198576 253899 192506 221682 240750 265289 240542 224385 
188125 190832 191343 185467 162837 187793 180170 190012 209764 210730 191793 187452 183681 184777 197449 221112 192563 210030 179341 200157 186744 211792 191259 186126 222119 195557 202941 164487 192197 200916 205278 202232 183624 178366 199965 228270 202580 176078 186495 215610 167232 200646 183377 179318 205430 216420 183810 225808 197516 212401 179340 194442 172900 215394 181742 209298 198926 184789 202407 221462 197285 193731 239865 199761 195354 206785 172952 219405 191223 183812 178661 221515 161564 183884 230741 206809 207852 221983 205289 203604 183420 198458 174454 183753 185064 205545 204273 213258 189363 201159 193530 217393 184298 211696 172474 208433 199762 228969 189627 210391 
221394 225393 218618 207578 185605 201393 199877 181305 239584 237057 207713 220406 206415 189626 235782 231415 209375 216497 204477 202822 194816 219354 208247 214664 238937 193314 231871 193746 185560 227600 207720 208223 217696 198584 221590 247055 222374 217756 201791 241059 196407 222686 202805 217441 220487 221912 197712 235850 239114 225650 205667 200765 190752 225734 179484 207295 236438 206650 215123 231487 210067 210932 230414 191137 207900 224173 213195 237053 185527 229474 195324 239556 183923 195684 238996 226224 226539 224986 218066 227885 228153 212162 187822 200864 227284 214798 218675 229341 231299 217389 204742 240326 193012 234642 176351 220098 233192 261369 222486 231579 
214680 194038 203936 206818 183854 189484 185054 196423 212855 219067 193771 195342 179809 185709 216523 218645 185171 197347 192209 189645 193394 224196 190123 193105 217922 197420 217757 167014 180662 194611 183676 198469 199846 190956 188497 233987 204049 200050 185599 226853 175666 202917 188870 204757 198758 209235 197222 236549 207551 209777 182259 176781 175514 209430 185254 191019 217211 200539 189112 232978 192272 188417 232370 179943 204649 191663 190301 229215 177483 199551 174082 232606 164635 182829 234334 193821 211460 219782 197444 204145 193989 207600 183188 207366 217465 208941 199490 224397 217127 210603 197473 212303 176936 234633 167149 208436 225449 249574 204489 209896 
221534 215718 208654 201233 185781 211954 169228 190529 218025 239787 208725 212727 193240 190761 229970 249072 204055 206241 210841 202428 210732 218430 214170 208301 228619 205555 237868 190421 190325 217602 193938 214606 203732 195965 186363 250471 216157 209214 198140 238411 198499 220629 196631 212344 210166 220939 195275 224940 217144 232724 196711 187277 190259 218046 182800 206730 240271 207231 206687 223016 219375 208957 228012 189698 215915 207003 213115 242218 187865 209889 193441 240926 173649 189699 225117 205394 218606 232272 189621 215789 226362 207203 190371 210483 212094 218801 213816 231331 221603 211039 204959 222663 180978 239280 190608 215760 232798 254250 230310 219044 
219147 201394 215329 210786 174786 196655 177716 165369 218777 234023 210311 205394 203374 199832 215331 222848 182403 211029 195857 196634 195862 219035 204481 206449 209695 197139 229316 191496 196069 217881 204926 199110 195100 198392 214339 228740 217256 209506 193232 234005 190365 200205 198243 188676 193872 213287 207711 228965 220240 226943 205023 186665 184429 189512 188617 193255 207533 216019 183949 211691 219780 211177 226731 192827 207814 198224 203075 239486 177774 193383 190351 233138 175092 179754 248314 201026 203293 209430 190328 214321 218531 216427 186915 188656 224732 212285 219717 231648 197849 196261 203502 214566 161823 217590 169199 206810 218147 240933 230006 221333 
244000 220868 237111 221949 197707 209026 184980 192104 235250 243348 205472 224810 219878 223153 244243 251717 226276 220436 209656 215795 205619 238317 221081 232102 244977 215305 241898 186663 187203 215440 206270 214923 213803 220939 198518 249860 235528 231477 205582 262065 207438 226809 209803 208838 213354 230171 204140 248799 247952 253183 221310 207575 210211 233555 193936 211992 247694 220630 206688 240581 222534 212519 245924 211447 231077 207823 217467 249757 182695 243326 198098 254850 194760 199799 242467 212150 227493 235286 220087 237586 227111 214944 195439 219645 235799 207978 220033 252126 213602 216482 212894 226575 197164 265520 203342 214260 234349 261517 252888 220509 
210155 201816 219407 206101 173672 200291 167865 191296 218844 248297 211610 193224 191787 207207 221317 235402 189962 220335 186246 210507 206045 221744 202797 208776 221381 201116 220284 175002 187636 209958 203629 202012 206272 203996 201449 238771 210748 214417 196554 231033 172405 213521 206559 191708 214720 219727 201744 232921 230962 235096 195413 195669 190205 210711 178092 204812 226483 212883 210659 227759 218974 212292 245127 206571 213079 203218 205646 219484 184702 215138 190581 238153 177386 184346 229891 199084 204018 232449 199253 216205 198569 212618 172555 193102 216263 212517 213488 239203 206054 210484 199763 228853 180221 238743 206179 218850 223325 248252 222988 212088 
221449 211210 209370 219017 175439 195805 193994 184038 228222 243284 227046 196134 190605 192748 223112 249640 195733 214573 174879 203799 178812 228423 195445 231620 239029 205359 238329 177454 208961 209172 201464 201378 211517 202445 213038 236145 218156 220955 200723 254245 182400 201215 212384 193933 209573 211053 194101 234649 240499 230059 204319 208661 191317 215553 193587 201294 221430 217179 190767 222458 202418 210181 231377 199389 212497 211356 207207 226825 189728 202893 176728 231675 183000 214798 237139 196830 218478 233664 208815 217170 210414 205964 187660 201211 221626 212230 227887 241420 214547 216205 204318 224087 182832 257754 192292 220937 227749 252530 231473 237346 
225032 207938 210616 202348 170213 198515 178819 199647 217031 235810 221436 191172 205257 205124 208926 243628 179035 220139 197811 190476 207747 220805 181652 216366 213535 205363 227123 190924 204261 214216 212581 204069 187608 206151 219074 237405 225268 225910 192906 253337 183864 199095 218242 189067 210944 234158 193223 240149 229212 218111 196572 202942 186053 215359 184803 196893 212646 200215 201789 229219 195315 206291 236508 196414 216743 210449 215204 226550 203020 202388 184264 236149 173989 204144 253129 215014 218811 240966 200905 218715 222775 219434 185491 188316 231824 192072 231067 225449 214050 236516 197307 235244 204592 220516 187088 223595 228308 256791 214134 219020 
237571 227079 234302 213311 201771 215249 187410 201683 228901 222764 207267 236008 195123 222741 225290 262881 230729 232738 226756 223802 215758 233371 231339 223011 243574 207066 244063 196288 211302 227572 222405 223154 218291 211724 211590 252299 226825 216066 206985 258557 201354 218467 215329 202024 226005 224889 212749 239869 221891 257556 202000 206349 192206 233897 219336 214743 238176 227119 225539 245608 233284 217340 255546 227237 212149 212779 214554 261585 196964 227544 203171 259043 189935 202287 242210 236548 223325 228352 219801 233514 225702 224717 202349 208560 227687 222307 229962 248561 211617 219250 204466 228305 195106 236951 193557 224066 247167 262972 232543 241183 
226202 198411 223411 193444 176193 213097 173516 195741 229878 232810 223729 196386 195102 195267 216550 237665 193657 207472 196805 199597 201078 231514 197129 210934 231702 209113 227823 180861 175785 215559 206939 206182 186196 205242 210602 234095 207053 224187 197421 229599 186700 218477 190239 188577 217010 224092 207377 234963 210705 224939 192140 199338 184302 219469 172652 195204 219135 191523 206041 230780 201301 196487 232097 204932 217824 214345 195912 236032 204050 207106 190542 224417 167213 200740 237680 201204 204024 234418 184890 231022 214523 217193 181653 201256 193908 202151 211311 216182 208004 217176 211473 230818 187887 227000 189174 211352 221638 243357 218522 211567 
229872 222172 225380 208665 173669 202260 193984 207024 235996 233222 209668 222481 208602 211771 211696 242258 200116 224572 191263 208987 208356 226119 213868 205260 232146 217620 230192 183023 211248 224507 210185 199620 211214 189236 216385 247907 213135 222449 196011 254440 186426 208464 203968 214979 209951 214197 214423 225313 220900 234614 208379 178809 190726 211890 187375 185441 225068 217690 211714 232236 207535 212898 248971 198249 206824 216244 199543 253828 202492 217438 198591 245617 186915 194361 250873 203899 205211 234486 205554 219028 218930 217055 177926 204268 209806 223839 228449 229878 219095 216635 215410 239571 187248 219844 201173 227996 227142 251121 218602 221572 
222266 200653 211560 203208 173425 216114 179311 194464 233613 231063 197979 205475 202740 205379 217771 224029 201267 217674 194138 203831 189230 212371 185265 196307 226071 199749 235244 184440 193793 212357 216892 192817 211998 191025 213084 239439 208902 219067 196157 239153 181137 204533 203984 201795 183462 211271 201295 218858 229689 246445 214081 194277 195884 213746 168866 177500 222804 223105 208817 240900 215296 205603 242578 186219 209978 200130 208343 235734 187180 218079 175396 217494 191889 190801 244906 213038 206216 211895 201960 233548 199663 216138 184057 206778 217287 206542 211729 244767 219697 209777 210466 206260 176812 244795 188567 210469 223914 246000 213395 224295 
212177 190356 201676 192905 157175 199559 174858 197333 219552 236676 202701 181397 190493 202774 202576 230346 178391 205722 185152 209397 197825 225020 198520 198828 220340 195978 233546 180645 185644 203166 185179 192834 198677 206891 194831 246978 211233 216254 177182 232572 181855 203282 193975 191648 194211 217583 212648 227079 212820 213885 188675 174856 181598 213144 190715 176290 211477 194658 188512 225326 188327 193530 229321 181858 192051 202368 188251 225321 185866 193967 175885 222817 169930 178903 236207 184642 213844 216625 194696 217202 203884 200472 178004 190928 209697 207213 223183 224750 196845 212259 208658 215116 170823 225131 174179 208585 224382 237103 210029 202492 
194431 185611 199009 172814 171142 176794 181455 175054 212989 232211 192115 187343 183198 180897 205939 202098 167425 190381 178103 192596 188720 189100 182928 199837 206135 183219 205723 162435 182464 175826 191290 188721 169113 175163 186402 220378 196782 194811 186002 220240 178004 196852 189217 191520 186280 203087 193006 211941 208351 196853 197779 181443 171517 199794 171280 180286 206093 211349 196068 202031 198463 204849 201923 176126 186681 186584 194246 207333 182961 184497 177129 209658 152719 164567 207714 190585 201325 201381 182068 213251 192119 194190 150663 164556 203003 176683 208692 219736 204266 194451 179438 217052 161561 219012 164407 209331 201815 230376 207637 186188 
201104 190516 212018 175082 166542 190479 167457 175284 211238 226688 195794 183028 185207 185736 213298 233768 192818 204650 184416 179030 193015 200289 187668 213151 218626 190344 203430 167532 181431 201357 192883 192641 183679 192749 185964 228600 199207 187303 180512 229963 189622 198423 190559 186972 191125 215891 180073 219549 216890 200992 188176 193341 183207 214758 168553 186738 211222 195100 191990 211532 195747 181991 235618 192400 211950 199213 184657 216177 170997 195446 183981 216402 158973 185632 224716 184870 192353 231428 188536 205015 201436 209493 183213 196404 196024 185855 209407 201902 202510 209672 186873 205001 186256 216241 171812 212737 194034 248407 194553 213583 
203590 205285 224595 185820 167082 197505 174276 192972 218326 219583 177174 200147 191643 181925 209251 220333 203688 198443 183223 192355 208822 215767 197490 201436 208719 197444 219344 176951 171034 204671 197667 185524 205886 193308 195424 227788 203126 206362 190088 232761 178276 202652 193907 196910 187455 196475 190046 233653 219717 226329 188802 183277 187311 206255 170009 203174 213306 190494 186174 209331 197759 199500 235271 193479 204867 215349 192922 227647 184946 206452 191014 232008 166068 177236 224679 188674 205701 221029 199578 216258 202401 210365 185414 191031 201854 207878 212421 211099 217787 209084 190985 212307 190758 239691 177659 187386 207776 251297 223422 195572 
201333 202990 189002 194464 154760 209277 175944 192072 213447 234033 190577 187337 196706 208464 196838 228053 208810 188464 186833 210719 202461 207562 199733 218744 225514 186291 212575 169901 183063 200535 188720 200839 208234 194128 205167 246730 212865 201410 181218 247444 172391 199348 193782 195729 188242 210715 191024 236643 218694 216768 191810 195560 182267 210591 196026 188686 226067 198494 182038 221039 204676 210187 236477 194411 192377 199672 200989 235274 184940 202913 185319 225719 187110 181441 234491 197825 215551 224704 194217 222029 197044 192311 167870 201440 195726 188841 212237 229936 200861 215356 196174 220845 175969 245742 197241 206958 222247 249226 210329 203288 
195019 196384 205768 185375 165105 188344 163808 170620 207049 213660 197003 194212 197628 182490 206769 220866 187213 209966 181414 180423 193941 208269 199288 211203 222772 217091 208862 169808 191196 199051 188321 195190 176904 183960 192159 224465 198157 197225 193772 234111 202885 191706 184865 186904 183133 208102 195699 212479 221837 201680 185099 189797 188673 197678 189067 190573 213501 206145 177943 206235 217020 202685 218186 196005 203167 172070 192328 215228 165195 187665 165075 215885 178851 184311 229275 203460 215781 233146 193446 213962 198164 209746 164540 188476 201869 200677 218296 215350 196229 205429 184575 212863 171704 223684 166991 212901 210858 235085 204512 206108 
220496 201791 199685 197174 161041 197419 194818 197197 228158 223058 193406 199560 185060 176396 207334 228117 192450 209482 177406 187560 183175 217248 199368 211001 234229 188605 207373 158458 190201 210915 192975 195255 193205 194452 206482 246389 203867 209600 188443 226723 202364 202546 194298 194236 202250 221462 202216 213508 220336 214452 186455 205474 173273 213232 178292 187489 207778 203881 185889 220647 205659 202325 220727 187966 196155 211773 187254 237519 189739 201624 179945 221200 180797 186236 241737 196903 235457 230534 207372 209132 202950 201512 177474 187604 205463 200413 207130 218192 197977 198096 193318 218010 193213 231489 168902 209309 230457 252515 234057 220385 
188467 177871 191193 183598 146742 176020 165355 167637 206661 201433 179554 181887 174189 176002 192203 208909 179884 184714 158420 189880 175736 187151 189158 177277 188498 176335 197710 169142 173582 182020 184274 174542 165863 179283 174086 213677 197171 191055 179524 203247 174709 195512 164251 179593 183834 191936 181102 205436 210051 204367 187357 172916 160635 187264 161561 186801 182690 203189 181325 188550 191218 182422 210769 182978 183740 178634 184852 208636 166892 194836 155927 217931 156825 158792 208733 177386 189981 207236 171870 192369 184731 195746 169467 170282 194840 181333 202302 198625 184984 183212 165323 196080 179747 201300 150016 184681 186193 229013 191024 173587 
217455 226669 226901 204502 172830 189672 190988 197986 240564 236535 207036 216321 194617 199628 227503 236473 182103 216443 197515 208193 204445 225044 199643 217993 228524 200377 233715 184649 211466 222403 230541 208692 208827 202380 218549 248873 212503 201003 207990 244136 195151 207235 215233 194781 203106 226264 199544 240379 240531 212414 211167 198457 191519 223510 191608 213394 232106 225879 199912 214635 229734 196600 250364 217770 202275 187774 197093 236991 186136 195176 190784 248200 179069 197519 240566 211162 216637 243006 208719 210176 208356 225324 183805 202827 214807 220570 219103 221451 220682 203500 203919 229694 185413 240241 198070 223253 227424 258283 226838 231188 
229657 194406 216222 200684 173925 190596 190000 173352 234755 237383 222875 191815 176552 200730 217204 223022 191605 213153 177003 199019 189464 211345 188059 202646 212408 182888 229353 157024 196921 218845 202004 198423 186116 198930 203011 221808 219502 210547 191655 227157 182714 206698 207154 191331 216046 233138 187719 223684 223842 219009 188954 209142 194126 229126 193807 192033 230403 204210 205806 226062 217596 214806 231426 198135 205690 198006 203309 218027 187522 195933 190425 210535 189064 185340 243252 195637 218726 219595 198304 210235 202680 216775 183395 201615 217165 198307 221188 247355 204778 200707 201878 223174 170388 234421 201355 221204 230255 258915 212865 221899 
230420 218909 225493 214551 177208 219862 200728 194407 235111 243830 203840 213681 201110 214882 222357 245259 213657 226733 205344 205726 192317 222316 206646 215984 230845 191290 236784 188342 191580 226144 204637 222701 205464 193907 216082 248032 220153 223218 205210 241343 188866 220281 203742 210898 214934 218381 217868 228447 224604 233697 208663 186781 195545 215230 181909 188881 233993 200257 194526 248592 208465 212923 250662 202697 204251 208108 203317 249606 207128 221283 193166 238263 190616 161643 254562 211268 215360 229977 191562 227280 228705 223598 188374 201773 215984 210905 211667 243466 227637 220010 210276 234946 176273 252146 202462 224500 238614 261711 227118 216743 
220230 202833 208990 211278 161083 205185 174855 189191 215345 230053 187673 206434 195293 194641 206087 226775 207691 205076 192056 207926 192999 223795 199518 199973 222216 182135 213890 174985 194183 214219 202661 189736 214326 194432 198920 242472 222158 203810 181757 230192 189071 208516 186199 204433 198313 212642 193733 222486 219058 224434 206769 186979 187686 206526 183807 186732 226493 217790 202915 209232 206071 207112 228740 194806 208128 201931 202655 241688 181406 214699 190737 231451 189019 172910 240757 196386 219953 216474 211338 224431 204787 217735 180091 205201 201250 205574 212316 233014 221408 198766 204127 196765 182392 224118 181641 220891 219301 253988 209729 202181 
234144 199953 215654 194573 172536 197524 187162 190614 212659 234796 227893 205676 202564 195352 229769 229083 190703 217371 181438 208113 206192 229355 203704 199109 227637 199505 226556 185361 187064 225716 195538 194612 187389 203243 202879 230061 229471 211543 198984 233648 190552 191964 191929 204948 219502 224038 196803 235965 213106 232064 198178 197613 192063 209706 165576 180781 228712 212455 208413 226291 199889 206748 224135 191052 210028 200062 203190 226001 189163 212406 184533 225245 182447 187800 243124 191198 220808 208281 184234 229281 201633 223395 187878 208826 217874 214141 205973 225136 218225 207337 210133 217218 180982 213528 168640 228243 225600 256932 224916 202433 
228680 196091 197904 189590 165941 197049 166860 184700 228544 224790 205995 197626 203905 188566 210930 222884 194649 211933 187059 194583 195960 220294 184779 201383 219384 201006 216862 171115 182467 197769 199089 199850 193842 203357 190620 225403 206128 193932 170990 244652 191389 193928 185136 188813 193374 210605 174872 214697 212962 210316 194160 187186 174015 222021 190280 191264 207145 198704 203193 201993 208927 189670 216085 186119 189974 194538 192389 216973 183362 188397 185467 230529 169365 195760 213039 201983 209508 210054 183675 200917 205691 190798 178631 182840 200976 202034 218162 219765 183096 200168 210909 221341 179303 212814 184778 200847 205115 239373 202879 217941 
214608 204089 215598 203873 162901 190759 177980 180136 228801 217549 193179 206589 187366 186517 205620 218515 181490 197152 188219 197436 200170 211407 175573 199703 219068 180852 210761 184821 170606 198517 208810 187962 195676 193714 205255 227286 203717 196003 186992 227315 176861 204848 198690 192465 202590 217271 208143 224895 218438 197882 186202 182340 176766 214613 174688 188219 205872 186823 183899 210208 200140 191813 215866 203978 219108 196259 196223 231004 185684 201800 185437 221805 166731 175826 224251 193764 204634 203040 188075 202662 203784 219969 185194 179522 199906 186567 217245 210245 211799 209719 191757 219748 177003 212338 187921 192968 217872 237068 207441 216001 
180459 185410 183481 166753 151664 163771 158837 162312 190880 197152 180163 165252 173944 177491 192862 205358 163048 182452 162136 172605 161752 190563 182901 174159 198232 169739 194374 169844 176035 196519 172039 182275 155373 164512 175737 211064 197503 184201 176818 196560 157344 187070 177278 180565 188558 194076 167139 208666 197110 204364 175997 172791 164249 181565 168157 160882 199529 192673 170285 202368 177597 178814 204881 167946 181787 175691 175427 201246 156865 177953 158414 199514 158824 177979 210140 176525 195148 212644 165349 199085 183363 188098 157648 174918 196647 177787 193893 185997 188841 185701 174662 188043 165366 209944 151665 182745 195589 228956 186407 192351 
226205 226468 214316 199921 186818 215558 191842 198791 222660 234910 213728 206489 207865 218099 230206 240779 204163 219859 206117 216156 210606 226191 204671 209162 237299 195226 225591 185667 182982 224116 200210 204817 221581 204401 209344 232686 215217 211384 203397 250652 202798 210201 206139 221910 196829 224202 197150 228367 212447 243951 175035 183863 193555 216146 193361 191601 237473 209762 205174 247844 218691 193606 242987 188924 222533 209708 202765 249728 194372 195014 204447 243675 185556 190155 253939 207351 218869 224275 194431 216946 210415 227046 190957 211077 232450 218917 223447 235288 233657 219034 210680 219671 177252 232818 177500 215999 236573 257281 225388 220272 
219872 203649 215623 209956 172123 192623 192362 184536 229518 233541 229577 199375 193557 187388 217706 228920 202313 219390 193845 191127 204109 219832 192376 227254 220785 188866 222562 178855 180888 211265 203296 204459 197397 214409 208517 247812 218085 214642 185975 236295 189475 197049 195753 204860 216940 228194 195012 238667 223009 218049 188256 199331 197142 228277 189073 201965 223326 193761 193400 228089 207682 199912 221728 207528 209968 207830 189720 230261 200160 205801 183091 226541 202239 185001 240364 209861 212895 236819 205347 213800 210824 209407 172495 195907 221357 200997 226224 228367 203982 226525 206676 221391 176625 234727 194482 204647 226566 248239 215091 215236 
209243 198214 199763 195900 172016 194428 187899 174452 230058 231390 184841 195561 197735 196905 207590 224804 200620 190405 182414 209912 188407 208729 202374 198519 222330 183260 224667 167319 191141 196455 192938 216476 183587 192359 218338 243752 216352 193667 199495 227848 176073 203093 195048 178984 192964 203917 186381 219608 211853 219959 187432 185815 182353 202282 189023 200529 216470 193850 177587 208254 209035 187489 232831 190824 201263 196081 202351 233077 180422 185248 174027 218241 168217 194877 232420 198611 223727 215658 194208 202982 203429 191453 167616 170776 204268 198774 207990 214699 187054 205078 196563 214474 174603 232521 185273 189153 234167 241457 219209 206147 
237508 222266 234135 225374 189325 225585 201070 214025 262831 263697 224566 231146 229347 211651 238235 256772 240482 221575 220061 227342 236308 233084 212692 231649 241036 227285 250693 198523 214491 230033 235138 216744 219629 219026 228707 260593 251532 228321 213411 265303 199001 225418 209555 202619 225326 246230 211108 267320 234388 251091 215451 220277 211923 247508 210438 223813 247463 231892 226346 243809 238997 245168 255212 219464 226812 231014 223209 249017 216488 236738 215845 251815 203600 206477 251874 233261 247913 243358 224815 238462 219907 224259 193067 207512 226816 226789 244547 269638 218513 236887 222627 245129 195517 266182 214977 241988 252014 273256 230145 235638 
195687 192601 185756 188174 160468 166746 169563 167752 214069 217673 175060 184287 174790 166424 194448 222088 176401 189791 163637 176262 177739 196928 179848 186403 209721 177145 183897 163751 171463 184770 174943 184101 170896 174640 171344 220218 193011 178398 165119 218791 164812 184845 171315 175521 182814 196210 174438 191444 194296 200929 189687 175325 169166 181524 170967 173118 176999 186964 174730 190116 192116 191507 200965 183150 186524 177954 173549 202458 167685 192810 180599 214666 179586 167861 198356 184554 200131 207475 179874 186131 182629 189308 165599 168672 188867 174468 190728 211847 171668 177036 192426 212623 167787 228092 170169 197292 189953 227871 197782 202652 
226497 213926 216965 219592 176949 214924 188116 183319 227400 246745 222422 214679 211683 217824 229665 242649 205395 232088 205629 210903 210495 236242 208066 214150 228802 214721 237020 188592 197892 214779 198943 211201 210722 213361 216699 255077 231602 232839 214116 256854 193717 227851 209142 200631 209227 220224 198838 254185 240354 234007 199453 207565 213130 227664 186929 208596 235181 215318 199701 231513 218033 212835 242812 214343 217341 208923 207415 233020 186062 209949 182995 233751 192684 189175 240230 209018 218898 237358 206124 224353 224332 206730 176824 211009 227513 220861 222015 236717 218627 221807 202564 229752 194229 247766 179826 217872 244109 265666 230051 213161 
195846 193450 198073 179030 161791 194876 164878 180955 210196 212403 193975 193840 180586 184205 199783 220841 178436 187404 181439 197333 189787 206413 194988 193524 210289 188084 207111 170089 186371 177782 186137 179529 178941 175948 184545 215700 202173 201051 192304 232485 176751 188464 195365 172573 183571 184089 186446 210468 205428 209632 197304 177437 180314 195832 166552 173222 213353 195282 182108 202747 197122 197899 219516 180452 193355 187465 190374 215351 185337 188486 180073 208875 168110 181173 220327 179547 185072 217219 170806 199935 185620 182366 165591 187700 198582 179567 211234 215088 202815 193304 183631 204978 167710 227787 169666 204962 201417 254477 198576 192278 
216714 185761 220281 216713 172262 193761 177111 183785 211225 224524 194789 197002 212134 171487 217135 223708 175295 192408 182205 178564 181820 200540 184337 197186 218738 209117 211730 185474 208238 196764 196906 191286 174383 176084 221997 224159 204032 196003 185958 226845 189932 190823 198516 198098 203535 208816 197540 233482 216193 218246 202782 184181 179046 208672 181695 201732 204454 197392 177095 212582 208071 190750 215490 196930 205263 193664 205880 237540 167928 210333 157700 215459 175147 187148 245638 197586 210884 223537 183748 214368 213589 215296 187042 191654 211525 197558 214741 209900 203735 215521 193635 206471 176149 217017 173645 214923 222100 248361 209862 214173 
206817 198049 212104 209885 171553 200397 188507 183767 211872 212519 201888 217490 198356 189602 226742 229313 212353 207256 192541 196062 192797 199774 206103 207184 215215 195325 223077 185035 195224 213412 204211 216188 190257 194276 209037 230553 229302 208860 200610 239634 184338 213070 191005 203117 203239 213072 195886 216563 219503 225897 212085 209809 185460 207001 172848 211804 217012 211292 208332 219775 203956 204830 241738 201718 196745 198715 209982 253565 178551 210634 187683 222239 199448 174863 241940 212226 204522 228636 212085 212418 207089 209043 166031 195855 219527 201661 205735 223850 201242 204522 188298 229035 181625 224983 182824 220747 221079 262391 226808 210228 
225441 209623 222873 208652 191641 216059 182841 193844 221983 243180 199374 211290 204614 209531 251601 240232 211034 229792 189472 212152 208124 237015 215659 213518 244055 212912 224471 199345 209443 219439 211771 214081 195642 205443 200709 248915 231880 192836 204086 252037 202416 208299 214383 203686 206600 237401 212149 241225 231151 247655 195985 208036 197003 235887 190400 201945 224805 218241 206512 236195 211304 198361 254539 209657 228744 206793 204138 253557 183807 215566 189159 242000 171588 200383 260351 213448 224678 225951 220380 223953 206555 237849 201123 219172 227462 227147 238219 237397 215500 216869 206650 230368 198673 228526 179202 237713 228597 268647 226092 228219 
239765 252045 238193 223191 196778 221417 216075 199660 251670 257670 237606 241575 210508 226677 246772 264976 214267 245200 214937 226217 204207 240902 222091 228125 246048 211775 246425 216120 214072 253239 245312 221567 230195 215690 238105 280354 233873 239856 242481 255772 205385 243091 237336 219270 229898 256354 223405 266644 271088 263182 220829 233636 218082 246774 202445 217785 254671 235086 224784 253493 217863 228798 265884 214856 241912 235337 234887 261404 199826 236474 207618 254598 192652 229554 268017 235060 216570 262189 232186 248994 241108 232354 204142 228586 242654 229930 240226 242676 244003 229393 230197 250380 213803 274840 215396 236687 241819 280123 250139 266402 
202035 204393 199789 197981 170012 183204 200772 184224 216546 219982 182916 192869 194081 187807 212751 227315 194792 205245 178103 206362 178448 206220 191814 204162 234752 195860 216721 170959 195537 202304 189425 200741 189752 166400 197930 223452 215722 188662 185823 228375 186232 191343 198486 175425 182634 191636 195344 226355 206724 219396 186548 176252 186281 217210 192130 184859 198302 197981 176131 203490 201629 191716 222505 203716 220009 198189 203265 239459 175127 195526 174338 211048 166819 181915 234950 184345 225240 206840 200577 198131 198208 212828 168752 186432 204143 189681 208454 216947 199737 220106 190166 212185 162399 223195 171527 195468 212964 243877 197647 196466 
189972 186009 200760 185532 151136 169511 172486 171655 209023 206820 185184 176792 163708 168758 186268 205071 179530 197591 160091 171691 175868 205132 186235 203905 207777 174564 217693 166186 170362 199421 186120 177109 183673 172776 185911 210651 194744 194415 172101 218828 176414 183944 187976 177755 195896 187921 198198 207614 203730 197649 201744 177859 160886 192251 167686 180427 216942 191346 179022 209239 187393 180183 214328 181643 193388 184704 189293 209494 178973 199901 171645 209754 175747 174249 221563 179522 210166 210154 183610 208103 196129 185287 158800 177491 196852 188730 201875 197960 202937 196206 172476 203800 144146 231371 178253 191750 207481 221656 207869 201054 
223694 218511 224329 205084 189369 199395 192539 199715 224347 229899 218194 211644 202826 206624 212289 239877 198560 218611 196909 212341 189645 228727 206736 207564 240260 197250 228674 171367 196107 216564 208086 220935 206703 200945 232711 237861 226055 206539 208587 235920 202056 214178 212896 200311 210217 212545 201440 235615 219364 231173 203380 203047 190812 219594 198121 208865 244348 209095 190407 227880 209872 196972 242629 208526 207851 201475 201966 257706 200179 211532 199962 224848 195504 193606 260742 216810 208191 230900 210126 231980 221780 213326 186773 206858 214417 208112 215757 231814 222055 223487 210734 236043 174387 235415 186598 201895 251922 252885 212439 219772 
209216 197476 200406 196046 164993 196563 184116 173295 213044 215657 184136 204288 195170 198405 205786 217580 186766 204380 173622 197253 196648 205219 202456 192046 232224 194406 228393 177798 195679 194950 191776 200100 198944 179018 207088 230788 202793 188266 196683 242232 175796 190924 198255 201961 180148 204756 205744 211889 209728 217537 181711 179416 184145 197175 181899 184679 219783 196428 174838 216465 202977 197367 230119 183424 189888 185298 190058 227453 167233 176908 176571 231718 168859 184263 245179 201384 212748 218520 180572 212349 186553 207938 171235 200278 211504 206220 214737 215948 198152 208988 202722 213401 164890 232197 179347 214814 232958 244897 216303 231423 
219927 192880 202116 188465 157343 190537 190081 185891 215698 228814 200144 198267 199632 176289 209814 225718 198104 202813 172729 191550 212543 203257 184626 195267 214772 191008 221435 168921 192375 193620 195291 184675 179769 183809 198850 223659 212498 192572 190065 230886 183104 187107 196066 196211 183230 210398 195009 209860 204543 214055 198645 179725 187779 209461 172901 191034 205677 199121 193488 211910 192784 192159 224335 180327 209026 186472 193219 227439 193199 194524 174850 235308 148794 184489 231007 199434 210053 207856 190907 198690 197751 210200 178300 185218 209558 190077 215252 206991 199509 213365 189972 210057 172079 210066 167803 208548 208668 223627 207004 202224 
218074 216115 210910 192356 175755 196751 183057 192656 219641 238697 201224 211674 204771 196854 212552 232938 186715 213701 190217 186957 203233 211328 194619 208004 219055 211661 227790 187106 200666 229792 211060 183131 212119 196108 210162 248503 219173 209046 181778 232837 199994 210972 209736 195325 203430 216661 188111 236214 237799 221244 217378 186955 188572 215391 172095 207524 216662 221754 207247 233942 215970 223158 235828 200196 206197 204605 214838 241112 202598 213865 185072 239866 175083 190022 252117 207206 215862 241846 194832 212456 211904 216018 186929 202224 208206 212924 228420 236115 224503 231162 197802 233308 182405 218135 177707 226397 233497 261637 216005 219037 
205944 202072 191658 179270 178996 180255 170875 191287 192645 218670 171598 183528 189171 171935 215191 203315 175783 184798 163452 178710 190919 201485 182040 205876 208450 189094 198008 185235 180156 195743 181533 174795 182695 184261 181528 210496 206147 190737 164594 228020 186028 159437 189037 182878 179017 203171 181252 204398 207720 195895 197304 170416 157783 184426 164648 167827 206895 197302 177827 206541 189289 196787 200384 165609 194584 183235 197522 217323 176631 204469 182407 224159 177511 165033 238001 188447 206297 196329 174142 192108 189073 210834 169510 176355 205602 195335 210584 214195 209706 204779 178244 202707 164028 208469 167287 206072 196266 245520 198412 187268 
226740 227872 207179 214534 177726 214078 191178 205648 233881 241222 222656 215564 214923 193896 223850 235480 207460 226577 195022 208248 203304 218617 206445 216144 238958 213248 233855 195649 209759 228273 217914 215030 202233 205996 215506 258465 230305 221416 207453 243766 204040 213370 198554 219858 220297 234050 211960 226266 238393 226969 218398 210047 200797 223227 181688 218297 233683 230770 212500 224488 228415 216408 229858 212270 211591 198362 216799 235685 200481 221899 193542 250570 204223 202908 241244 216919 219181 246226 192691 224885 222713 217565 180450 212306 223581 219515 229364 236729 228709 222804 209861 242195 196105 239288 195889 238554 228956 268237 234633 229800 
